64122
190498
220221
250856
75990
237729
258375
56649
326161
202501
55503
348967
173980
75992
220874
173976
151707
202865
67316
344727
324796
102856
197425
197425
TeamMasaka
57928
IFartInUrGeneralDirection
151704
194941
79654
65527
145588
46643
73298
48952
11721
331090
26997
325119
29873
8833
42268
42268
78443
242925
270205
265503
179428
268591
182724
348792
93843
249605
160888
101293
155390
323011
157869
253038
240738
343108
343053
137414
71123
144075
78835
338152
kb7clx
343104
334804
318635
318635
62719
197932
257043
257040
159344
197932
152030
238121
322055
98883
41035
pyr0x
104489
238106
239928
258336
274515
55401
344974
101233
199216
255768
251653
185520
41034
172260
172170
253559
159344
328623
IvoryBunker
238112
166045
Timbre
23067
261125
99068
321245
rjbrown85
151698
SgtPepperArc360
341818
344742
341818
346308
344742
203440
243435
125185
Dneproman
334800
27508
143292
146877
196384
194308
25915
261130
275674
320068
27955
24655
346528
53804
326095
74339
178161
176637
60464
275357
172784
342939
58319
94296
70267
243459
219502
332053
188511
189981
184358
53579
173957
320543
66350
21310
156514
53573
4660
161429
253555
53576
257318
kwahmah_02
257318
960341
96031
96031
203755
124099
124099
124099
56627
264323
187207
k3pp
183129
theblockofsound235
162256
162256
320044
320044
70216
172266
151637
246166
336468
258232
24650
184732
127706
163477
163477
155218
277363
219147
268661
347512
monsterjazzlicks
78846
78846
275673
331239
167811
andymanister
15693
200252
8832
119172
196394
50658
153452
147799
153453
153456
345538
56632
324397
269082
72047
59482
144138
275211
332133
323956
JOJOKYRA
78826
78861
324455
324455
univ_lyon3
256858
loopcentury
261140
184565
154643
62050
178696
173981
24096
94003
264229
101844
17824
26853
50386
218135
154947
101840
115322
347966
143994
47625
210453
181329
189161
200989
345536
63679
210521
190528
218799
120713
Vampirella17
82411
75268
56725
328617
202931
320015
3162
272060
222741
200431
245174
338223
22887
117104
3647
135052
30476
97764
338190
231449
before
37715
321015
258254
headphonesvocal
349049
toiletrolltube
264263
334035
101345
181338
BoulderDamStudios
195140
Sclolex
210532
180042
347398
263974
250846
141266
141457
238799
41875
20015
20015
336459
25709
171945
241619
64412
64412
275472
271373
RT759
Robinhood76
qubodup
11linda
259398
238802
169663
238791
238805
238806
238807
238804
238803
238802
238801
238800
238799
OneSoundToRuleThemAll
Alec19
216556
63966
321079
TIMER
64120
64120
336444
273666
207440
hatchetgirl
45624
2371
354501
256152
64123
64123
187663
345265
64122
without
pig
110333
108935
53592
259699
RECDXAUDIOXX
332055
AndreOnate
pyro13djt
151767
76593
120446
freakingwildchild
freakingwildchild
120445
8768
8768
358877
180041
171259
Hard3eat
194907
oscii
180799
skiptracer
494
121068
Thirsk
55226
216258
237637
64869
markfrancombe
55506
268657
121355
344652
318921
149235
26907
casualsamples
64832
218407
AJFiorini317
249078
365020
174642
188228
17146
17146
232650
21754
21754
328816
aikighost
19057
58131
179606
64592
57746
4211
238067
147839
151708
45623
was
but
