[0;34;40m;8[0;30;44m8[0;1;30;44m8[0;34;40m8[0;1;30;44m8[0;34;40m8[0;1;30;44m8[0;34;40m8[0;1;30;44m8[0;34;40m8[0;1;30;44m8[0;34;40m8[0;5;34;40m8[0;34;40m8[0;1;30;44m8[0;30;44m8[0;1;30;44m8[0;34;40m8[0;1;30;44m8[0;34;40m8[0;5;34;40m8[0;34;40m8[0;5;34;40m8[0;34;40m8[0;5;34;40m8[0;34;40m8[0;5;34;40m8[0;30;44m8[0;5;34;40m8[0;34;40m8[0;5;34;40m8[0;34;40m8[0;5;34;40m8[0;30;44m8[0;5;34;40m8[0;30;44m8[0;5;34;40m8[0;30;44m8[0;5;34;40m8[0;30;44m@[0;1;30;44m8[0;30;44m8[0;5;34;40m8[0;30;44m8[0;1;30;44m8[0;30;44m8[0;5;34;40m8[0;34;40m8[0;1;30;44m8[0;34;40m8[0;5;34;40m8[0;30;44m8[0;5;34;40m8[0;30;44m8[0;1;30;44m8[0;34;40m8[0;5;34;40m8[0;34;40mS[0;31;40m:[0m
[0;31;40m ;[0;34;40mS[0;1;30;44m@[0;34;40mS[0;31;40m;[0;32;40m;[0;31;40mt[0;34;40mX[0;1;30;44m8[0;34;40m@[0;31;40mS%%[0;1;30;40m8[0;35;44m@[0;30;44m8[0;31;40m@@@[0;1;30;40m8[0;34;45m8[0;1;30;44m@[0;31;40m@[0;30;41m8[0;31;40m8[0;5;31;40m@[0;34;45m8[0;5;34;40m@[0;31;40m8[0;1;30;41m@[0;31;40m8[0;1;30;41m@[0;1;30;45mt[0;1;30;44mX[0;5;31;40mX[0;31;40m8[0;5;31;40m@[0;31;40m8[0;1;30;45mX[0;1;30;44m@8[0;1;30;41m8[0;1;30;40m8[0;1;30;41m8[0;35;44m88[0;1;30;44m@[0;1;30;40m8[0;5;31;40m@[0;1;30;40m8[0;35;44m8[0;1;30;44m8[0;30;44mX[0;5;30;40m8[0;34;40m8[0;5;30;40mX[0;30;44mX[0;5;34;40m8[0;31;40m.[0m
[0;34;40m.:@[0;1;30;44m@[0;34;40m@[0;32;40mS[0;34;40mt[0;32;40mt[0;30;44m8[0;1;30;44mX8[0;32;40m%[0;1;30;40m8[0;31;40m8[0;5;34;40m@[0;34;45m8[0;5;34;40m@[0;5;31;40mXX[0;1;30;41m8[0;1;30;45m;X[0;5;35;40m8[0;1;30;45mS[0;5;31;40mX[0;31;45m8[0;1;30;45mS%tS[0;1;30;41m8[0;1;30;45mt[0;35;41m8[0;1;30;45mX[0;34;45mS[0;1;30;45m%%[0;5;35;40m8[0;1;30;45m;%[0;34;45m8[0;1;30;44m@[0;1;30;45m;[0;31;40m8[0;5;35;40m8[0;34;45m88[0;5;34;40m8[0;5;35;40m8[0;30;44m8[0;1;30;45mt[0;1;30;44m@[0;35;44m8[0;1;30;44m@8[0;5;34;40mX[0;34;40m8[0;1;30;44m8[0;34;40m8[0;31;40m;[0m
[0;34;40m;8[0;5;34;40mX[0;36;44m8[0;1;30;44m88[0;30;44m8[0;5;34;40m88[0;36;44m8[0;5;34;40m8X[0;1;30;45m%[0;5;34;40mS[0;1;30;45mS88S%X8[0;1;35;45mX[0;1;30;45m8@[0;1;35;45m;[0;1;30;45m88[0;5;35;45mS[0;1;30;45m88[0;1;35;45m:[0;1;30;45m8[0;37;45mX[0;5;35;45m@[0;37;45m8[0;1;30;45m88@8[0;37;45mX[0;5;35;45m8[0;1;30;45m88888[0;37;45m8[0;1;30;45m@X888[0;5;36;44mt[0;5;35;40mt[0;35;44m@[0;5;34;40m@[0;1;30;44m8[0;36;44m8[0;5;34;40mX[0;34;40m;[0m
[0;32;40m.S[0;1;30;40m8[0;1;30;46mt[0;32;40mS8[0;5;30;40m8[0;5;32;40mX[0;5;31;40m8[0;1;30;45m8[0;5;35;40mt[0;33;41m8[0;1;30;45m8[0;5;35;41m:[0;37;45m@[0;5;35;45m.[0;37;45mX[0;5;35;45m [0;5;35;41m:[0;5;37;45m@[0;5;35;45m [0;1;35;47m8[0;5;35;45m [0;5;1;31;45m8[0;5;37;45m8[0;5;1;31;45m8[0;5;37;45m8XS[0;5;1;31;45m8[0;5;37;45m8[0;5;1;35;41m8[0;5;37;45m8[0;5;1;31;45m8[0;5;37;45m8[0;5;35;45m [0;5;37;41m8[0;5;1;31;45m8[0;5;37;45m8X8@[0;5;35;41m [0;5;37;45m8X@8[0;1;30;45m8[0;1;31;45m8[0;1;35;45m%:[0;5;37;45m@[0;1;35;45m%[0;37;45m8[0;1;30;45m88[0;5;35;40m8[0;1;30;44m88[0;31;40m.[0m
[0;32;40m;[0;5;36;40m8[0;1;30;42m8[0;1;30;46m88[0;5;36;40mS[0;32;46m8[0;1;30;47m8%@[0;1;35;47m@SS[0;5;37;45m88888S8S[0;5;1;31;45m@[0;5;37;45m88@8XXX88888888888[0;5;1;31;45m8[0;5;37;45m888888888@X88[0;1;37;47mX[0;5;35;40m8[0;34;40m8[0;5;35;40m8[0;34;40m8[0;31;40m.[0m
[0;34;40m;[0;5;32;40m@[0;32;46m8[0;5;36;40m@[0;1;30;46m8[0;5;32;42m8[0;5;37;40mS[0;5;36;42m%[0;1;37;47m:[0;33;47m@[0;5;37;41m8[0;1;35;47m8[0;1;31;47m@[0;1;35;47mX[0;5;1;31;45m8[0;5;37;45m88[0;5;1;31;45mX[0;5;37;45m8[0;5;1;31;45m@[0;5;37;45m@@@X[0;5;1;31;45m%[0;5;37;45mS[0;5;1;31;45mX[0;5;37;45m@@[0;5;1;31;45mX[0;5;37;45m8[0;5;1;31;45m8[0;5;37;45m8@[0;5;1;31;45m88[0;5;37;45m88888[0;5;1;31;45m8[0;5;37;45m888[0;5;1;35;47m8[0;5;37;45m888[0;5;1;31;45mX[0;5;37;45m8S8[0;1;37;47m8[0;1;35;47m@[0;5;35;40mS[0;5;34;40m8[0;1;30;44mS8[0;31;40m.[0m
[0;32;40m:8[0;1;30;42m8[0;33;42mX[0;36;42m8[0;1;30;43m8[0;5;36;42m8[0;1;30;47m8S8[0;35;47m8[0;5;37;41m8[0;1;35;47m8[0;5;37;41m8[0;1;37;47m [0;5;1;31;45m8[0;5;37;45m88@@X@XXX@8@88[0;5;1;31;45m@[0;5;37;45m888[0;5;1;37;45m8[0;5;37;45m888[0;5;1;31;45m@[0;5;1;37;45m8[0;5;37;45m88888[0;5;1;37;45m8[0;5;37;41m8[0;5;37;45m8[0;5;1;31;45m@[0;5;37;45m8SS8[0;1;35;47mX[0;5;37;40m%[0;5;34;40m@[0;30;41m8[0;1;30;44m88[0;31;40m:[0m
[0;34;40m:X[0;1;30;42m88[0;33;42m@[0;1;30;42m@[0;33;42mX[0;1;32;42m%[0;1;30;43m8[0;33;47mS[0;1;30;47m8[0;1;35;47m8[0;5;37;41m8[0;1;35;47mX[0;1;31;47mX[0;5;1;35;47m8[0;5;1;35;41m8[0;5;1;37;45m8[0;5;1;31;45m@[0;5;37;45m88@[0;5;1;31;45mX[0;5;37;45m8[0;5;1;31;45m@[0;5;1;37;45m@[0;5;37;45m@[0;5;1;31;45mX[0;5;1;37;45m@[0;5;1;31;45mX[0;5;37;45m8[0;5;1;31;45m8[0;5;1;37;45m@[0;5;1;31;45m8[0;5;37;45m88[0;5;1;31;45m@[0;5;1;35;47m8[0;5;37;45m8[0;5;1;31;45m8[0;5;1;35;47m8[0;5;1;31;45m8[0;5;1;35;47m8[0;5;1;37;45m8[0;1;37;47m [0;5;1;37;45m@[0;5;37;45m8[0;5;1;31;45m8[0;5;37;45m88[0;5;1;31;45m8[0;5;37;45m8[0;1;37;47m@[0;35;47m@[0;5;35;40m%[0;5;34;40m@[0;5;35;40m8[0;1;30;44mS8[0;31;40m.[0m
[0;34;40m.[0;31;40m:[0;32;40mX[0;1;30;42m8@t@[0;33;42m@[0;1;32;42m8[0;1;30;43m8[0;33;47mX@[0;35;47mX[0;1;35;47m@[0;5;37;41m8[0;1;35;47m%[0;1;37;47m [0;5;1;31;45m8[0;5;37;47m8[0;5;1;31;45mS[0;5;1;37;45mX[0;5;1;31;45m@[0;5;1;37;45m8[0;5;1;31;45m8[0;5;37;45m8[0;5;1;31;45m8[0;5;1;37;45m8[0;5;37;45m8[0;5;1;37;45mX8@[0;5;37;45m8[0;5;1;37;45m8[0;5;37;45m8[0;5;1;37;45m@[0;5;37;45m8[0;5;1;37;45m8[0;5;1;31;45m@[0;5;1;35;47m8[0;5;37;45m8[0;5;1;31;45m8[0;1;37;47m [0;5;1;31;45m8[0;5;1;37;45m8[0;5;1;35;41m8[0;5;37;45m8888[0;5;1;31;45m@[0;5;37;45m8[0;1;37;47m8[0;1;35;47m8[0;5;36;40m.[0;5;34;40m8[0;34;40m8[0;5;34;40mX[0;1;30;44m@[0;30;44m8[0;31;40m;[0m
[0;31;40m [0;34;40m.;[0;5;36;40m8[0;1;30;42m88[0;36;42m8[0;5;36;40mt[0;5;32;42m@[0;1;30;47m8[0;1;30;46m8[0;1;37;47m.[0;1;33;47mX[0;35;47m8[0;1;35;47m8[0;5;1;35;41m@[0;1;37;47m [0;5;1;31;45m8[0;1;37;47m [0;5;1;37;45m@[0;5;1;35;41m8[0;5;1;37;45m8[0;5;37;45m88[0;5;1;37;45m@[0;5;37;45m88[0;5;1;37;45mX[0;5;1;31;45m88[0;5;37;45m88[0;5;1;37;45m@[0;5;1;31;45m8[0;5;37;45m8[0;5;1;31;45m8[0;5;1;35;47m8[0;5;37;45m8[0;5;1;37;45m88[0;5;1;35;47m8[0;5;1;37;45m8[0;1;37;47m [0;5;1;31;45m8[0;5;1;35;47m8[0;5;1;31;45m8[0;5;37;45m8888[0;5;37;47m8[0;1;35;47m8[0;1;30;47m8[0;5;34;40m8[0;30;41m8[0;5;31;40mS[0;34;40mX[0;30;44m8[0;5;34;40mX[0;31;40m.[0m
[0;34;40m.@[0;30;44m8[0;1;30;46mS@88[0;37;46m8[0;1;30;46m8[0;37;46m@8[0;1;30;46m8[0;1;30;47m:[0;33;47mX[0;1;30;47m8[0;1;35;47m@[0;1;31;47m@[0;1;35;47mS[0;5;1;35;41m8[0;5;37;47m8[0;1;35;47mS[0;5;1;31;45m8[0;5;37;47m8[0;5;1;31;45m8[0;5;1;37;45m8[0;5;1;31;45m8[0;5;1;37;45m8[0;5;1;31;45m8[0;1;37;47m [0;5;1;31;45mX[0;5;1;37;45m8[0;5;1;31;45m8[0;5;37;47m8[0;5;1;31;45m@[0;5;37;47m8[0;5;1;31;45m8[0;5;37;45m8[0;5;1;31;45m8[0;5;37;47m8[0;5;1;31;45m8[0;5;37;47m8[0;5;1;31;45m8[0;5;1;37;45m8[0;5;37;45m88888[0;1;37;47m [0;5;1;35;47m8[0;1;35;47mS[0;1;30;47m8[0;5;36;44m8[0;5;35;40m8[0;1;30;44mS@[0;5;34;40m8[0;1;30;44m8@[0;32;40m [0m
[0;31;40m [0;32;40m;[0;31;40m;[0;30;44mS[0;34;40m@[0;32;40m@[0;5;32;40m8[0;1;30;42mX[0;33;42mX[0;36;42m8[0;1;32;43m8[0;33;42m8[0;5;33;40m%[0;1;30;43m8[0;37;43m8[0;33;47m8[0;1;37;47m [0;5;37;41m8[0;1;35;47m@[0;5;1;35;41m8[0;1;37;47m [0;5;37;45m8[0;1;35;47mS[0;5;37;47m8[0;5;1;35;41m8[0;5;37;47m8[0;5;37;45m8[0;5;37;47m8[0;5;1;31;45m@[0;5;37;47m8[0;5;37;45m8[0;5;1;35;47m8[0;5;37;45m8[0;5;1;35;47m8[0;5;37;45m8[0;5;37;47m8[0;5;37;45m8[0;5;37;47m8[0;5;1;31;45m@[0;5;37;47m8[0;5;1;31;45m@[0;1;35;47mS[0;5;1;31;45m8[0;1;35;47mS[0;5;1;31;45m8[0;5;37;47m8[0;5;37;45m8[0;1;37;47m [0;1;35;47mS[0;1;30;43m8[0;5;35;40m8[0;1;30;45m%[0;1;30;44m8[0;30;44m@[0;5;30;40m8[0;34;40m8[0;30;44m888[0;32;40m;[0m
[0;32;40m [0;31;40m.[0;34;40m:[0;30;44m8[0;34;40mt[0;31;40mt[0;32;40m:t[0;30;42m8[0;5;32;40m@[0;1;30;42mS[0;33;42mS[0;5;32;42m8[0;1;30;42m8[0;33;42m@[0;1;30;43mX8[0;33;47m8[0;1;33;47m@[0;1;35;47m8[0;5;1;35;41m8[0;1;35;47mX[0;5;1;35;41m8[0;5;37;45m8[0;1;35;47mX[0;5;1;35;41m8[0;1;35;47mS[0;5;1;31;45m8[0;5;37;47m8[0;5;1;31;45m8[0;1;37;47m [0;5;1;35;41m8[0;5;37;47m8[0;5;1;35;41m8[0;5;1;37;45m8[0;5;1;35;41m8[0;5;37;45m8[0;5;1;31;45m@[0;5;1;37;45m8[0;5;37;45mX8[0;5;1;37;45m8[0;1;37;47m.[0;5;1;35;47m8[0;1;37;47m [0;1;35;47m%[0;33;47m@[0;31;43m8[0;1;30;41mSS[0;30;41m8[0;1;30;44m8@[0;34;40m88[0;5;30;40m8[0;31;40mX[0;1;30;44m@[0;1;30;40m8[0;34;40m;[0m
[0;34;40m;8[0;30;44m8[0;5;36;40m8[0;30;44mS[0;1;30;44m@[0;30;44m8[0;1;30;44m@[0;30;44mX[0;36;44m8[0;5;36;40m8[0;1;30;46m888[0;5;36;42mX[0;36;47m8[0;1;30;46m8[0;33;47m8[0;1;30;47m8[0;33;47m8[0;1;37;47m8%. [0;5;37;45m8[0;1;37;47m [0;5;37;45m88[0;5;1;31;45m8[0;1;37;47m.[0;5;1;37;45m%[0;5;37;45m8[0;5;1;31;45mX[0;5;1;35;47m8[0;5;37;45m88[0;5;37;47m8[0;5;1;37;45m8[0;1;37;47m [0;5;37;47m88[0;1;37;47mSt [0;1;30;47m8[0;35;47m8[0;1;30;45m8[0;5;35;40m%8[0;1;30;44m888[0;34;46m8[0;1;30;44m88[0;36;44mXX@[0;1;30;44m8[0;32;40m:[0m
[0;31;40m [0;32;40m;[0;34;40m:[0;30;44m@[0;32;40m%::[0;31;40m.[0;34;40m%[0;1;30;44m@[0;34;40mt[0;32;40m%[0;5;32;40m@[0;5;33;40mX[0;5;32;40m8[0;36;42m8[0;1;32;43m8[0;1;30;46m8[0;5;33;42mX[0;5;33;40m:[0;1;32;43m8[0;5;33;40m.[0;33;47m8[0;37;43mX[0;1;33;47m8[0;33;47m8[0;1;33;47m8S[0;1;37;47m      [0;5;37;47m8[0;1;33;47mX%S[0;1;30;47m888[0;5;35;40m.[0;35;41m8[0;1;30;41m8S[0;1;30;45mX[0;1;30;44m@[0;30;44mX[0;5;30;40m8[0;30;44m8[0;5;30;40mS[0;1;30;44m%X[0;30;44m8[0;34;40m88@[0;1;30;44mS[0;34;40m8[0;32;40m;[0m
[0;31;40m :[0;32;40m:[0;30;44m8[0;34;40m@[0;32;40mt[0;31;40mt[0;32;40m;[0;34;40mt[0;1;30;44m@[0;34;40mS%;;S[0;5;36;40m8[0;5;32;40mX[0;30;42m8[0;1;30;42m8X8[0;33;42m@[0;1;30;42m8[0;33;42m@8[0;1;30;43m@X88[0;1;33;43mS[0;1;30;43mX[0;1;33;43mS[0;1;30;43m8[0;1;33;43mX[0;1;30;43m8@X[0;5;33;40m8[0;1;30;41mX[0;1;30;45m8X[0;30;41m8[0;5;30;40m8[0;31;40m8[0;1;30;40m8[0;1;30;44m@@[0;34;40m@[0;1;30;40m8[0;31;40mX[0;34;40m8[0;1;30;44m8X[0;34;40mXX[0;1;30;40m@[0;34;40m@[0;30;44m8[0;5;34;40m@[0;32;40m.[0m
[0;34;40m.X[0;1;30;44m8[0;36;44m8[0;1;30;44m88[0;30;44m8[0;1;30;44m8[0;30;44m@[0;34;46m8[0;1;30;44mS888[0;30;44mX[0;36;44m8%[0;1;30;44mX[0;30;44mX[0;1;30;44m8[0;36;44m8[0;34;46m8[0;36;44m8[0;5;34;40m8[0;5;36;40m8[0;5;34;40m@[0;5;36;40m%[0;5;35;40m:[0;1;30;45m8[0;5;35;40m:[0;1;30;45m8[0;5;35;40m;t[0;5;35;44mX[0;5;36;40mt[0;1;30;46m8[0;35;44m@[0;1;30;44m8[0;5;34;40m8[0;1;30;44m8[0;34;46m8[0;36;44mX[0;1;30;44m8[0;36;44mX[0;1;30;44m@[0;36;44m@8[0;1;30;44m8[0;36;44mX[0;1;30;44m8[0;36;44mX8[0;34;46m8[0;36;44m8[0;1;30;44m8[0;36;44m@[0;1;30;44mX[0;34;46m8[0;1;30;44m8[0;32;40m.[0m
[0;34;40m [0;32;40m:[0;31;40m.[0;30;44m8[0;32;40mS;::[0;34;40mt[0;1;30;44m8[0;34;40mS[0;32;40m%::[0;34;40m;[0;1;30;44m8[0;34;40mX[0;32;40mt[0;31;40mt[0;32;40mt[0;34;40mX[0;5;34;40m8[0;30;44m8[0;31;40mSX8[0;30;41m8[0;1;30;45m8@[0;5;35;40m8[0;31;40m8[0;1;30;41m8[0;5;31;40mX[0;1;30;44m8[0;35;44mX[0;34;40m8[0;1;30;40m@[0;31;40mX[0;1;30;44m@XS[0;34;40m8[0;1;30;40m8[0;34;40mX8[0;35;44m8[0;36;44m@[0;30;44m8[0;34;40m8@[0;1;30;40m8[0;35;44mX[0;1;30;44mX[0;30;44m8[0;34;40m@X@[0;1;30;44m8[0;30;44m8[0;32;40m;[0m
[0;32;40m [0;31;40m.[0;34;40m;[0;1;30;44m@[0;34;40mX[0;31;40m;;;[0;32;40m;[0;30;44m8[0;1;30;40m8[0;34;40mS[0;32;40mt[0;1;30;40mS[0;34;40mt[0;1;30;44m8[0;34;40m8S[0;32;40mS[0;31;40mX[0;34;40m8[0;5;34;40m8[0;34;40m8%[0;1;30;40mX[0;31;40mS[0;5;30;40mX[0;35;44m8[0;34;40m8[0;31;40m8[0;5;30;40m@[0;31;40mX[0;34;40m8[0;1;30;45m@[0;30;44mS[0;1;30;40m8[0;34;40m8[0;1;30;40m8[0;34;40m@[0;1;30;44m@X[0;34;40mX8[0;1;30;40m8[0;34;40m8[0;1;30;44m88[0;1;30;40m8[0;34;40mS[0;1;30;40m8[0;30;44m8[0;1;30;44m8[0;36;44mX[0;34;40mX[0;1;30;40m8[0;34;40mX[0;1;30;40m8[0;1;30;44m@[0;30;44m8[0;32;40mS[0m
