[0;31;40m:t%[0;1;30;40mX[0;31;40mS[0;1;30;40m@[0;31;40mS[0;1;30;40m@[0;31;40mS[0;1;30;40m8[0;31;40mX[0;1;30;40m8X[0;31;40m@[0;1;30;40m8@[0;31;40m8[0;5;30;40m8[0;31;40mX[0;1;30;40m8@[0;31;40mX[0;1;30;40m8@@8[0;31;40mX[0;1;30;40m88[0;31;40m@[0;1;30;40m88X@@8[0;5;30;40m8[0;1;30;40m88[0;5;30;40m@[0;1;30;40m8[0;5;30;40m8@8888@888888[0;1;30;40m8[0;5;32;40mS[0;1;30;40m8[0;5;30;40m8[0;31;40mt[0;32;40m:[0m
[0;31;40m:[0;32;40mS[0;1;30;40m8[0;31;40mX[0;1;30;40m888[0;31;40mX[0;1;30;40m888@[0;5;30;40m88[0;31;40m8[0;5;30;40m88[0;1;30;40m@[0;5;30;40m8[0;31;40m8[0;5;30;40mX8[0;5;33;40m8[0;1;30;43mX[0;5;33;43m%[0;5;37;43mXS@X[0;1;30;43m8[0;5;33;40m8[0;5;31;40m8[0;5;30;40m8[0;5;31;40m8[0;5;30;40m8[0;5;31;40m8[0;1;30;40m@[0;5;31;40m8[0;1;30;40m8[0;5;30;40m@@8@@X@888888888@88[0;1;30;40m@[0;31;40m.[0m
[0;31;40m:X[0;1;30;40m88[0;31;40mX[0;1;30;40m8[0;31;40mX[0;5;30;40m8[0;32;40mX[0;5;30;40m8[0;31;40m@[0;1;30;40m8[0;31;40m8[0;5;30;40m88[0;31;40m8[0;5;30;40m8[0;31;40m8[0;5;30;40m88[0;31;40m@[0;1;30;43m@[0;5;37;43mStXSt[0;5;1;33;47m8[0;5;1;37;43m8[0;5;37;43mX[0;5;33;40m@[0;5;30;40mS[0;5;31;40mS[0;5;30;40m@[0;5;31;40m8[0;5;30;40m8[0;5;31;40m8[0;5;30;40m8[0;5;31;40m8888SX[0;1;30;40m8[0;5;31;40mS[0;1;30;40m8[0;5;31;40mS[0;1;30;40m8[0;5;31;40mX[0;5;30;40m88X8@@88[0;1;30;40mX[0;31;40m.[0m
[0;31;40m;[0;1;30;40m8[0;31;40mX[0;1;30;40m88[0;31;40mX[0;1;30;40m88[0;31;40m8[0;1;30;40m8888[0;31;40m@[0;5;30;40m8[0;1;30;40m88[0;5;30;40m8[0;31;40m8[0;5;30;40m8[0;1;30;42mX[0;5;33;43mt[0;5;37;43mXS%t[0;5;1;33;47m8[0;5;37;43m;[0;5;37;47m:[0;5;37;43mX[0;1;30;43mXttX88[0;33;47m@[0;1;33;47mS[0;1;31;47mS[0;1;37;47m   [0;1;31;47mX8[0;1;30;45m8[0;5;35;40m8[0;5;31;40m8[0;5;30;40mXS8@@[0;5;35;40mX[0;5;30;40m88@88[0;1;30;40mX[0;31;40m:[0m
[0;31;40m.[0;32;40m%[0;31;40mX[0;1;30;40m@[0;32;40mS[0;1;30;40m8[0;31;40mX[0;1;30;40m888[0;31;40mX[0;1;30;40m888[0;31;40mX[0;5;30;40m8[0;31;40m8[0;5;30;40m8[0;1;30;40m@[0;31;40mS[0;32;40mX[0;5;32;40m8[0;5;33;43m; [0;5;37;43m8S@X;[0;1;33;47m8[0;1;30;43mX8[0;1;33;47mS[0;5;37;47m88S[0;5;1;33;47m8[0;5;37;47m88[0;5;1;33;47m88[0;5;37;47m88[0;1;37;47m [0;5;1;35;41m8[0;5;33;40m.[0;5;35;40mt[0;5;31;40m8XS[0;5;30;40mX8@@@[0;5;31;40m8[0;5;30;40m88[0;1;30;40mX[0;31;40m.[0m
[0;31;40m.%[0;32;40mS[0;31;40mXX[0;32;40mS[0;1;30;40m8[0;31;40mS[0;32;40mS[0;31;40m@[0;32;40m@[0;31;40m@X[0;1;30;40m88[0;31;40m@[0;1;30;40m8[0;31;40m@[0;1;30;40m8[0;31;40m8[0;1;30;40m8[0;32;40mSX[0;5;32;40m8[0;33;42m@[0;1;32;43m8[0;1;33;43m.[0;5;37;43m8[0;1;33;47m8[0;1;30;43mt@[0;1;33;47mX[0;5;37;47m8[0;5;1;33;47m888[0;5;37;47m8[0;5;1;37;43m8[0;5;37;47m88[0;5;1;33;47m888[0;5;37;47m8[0;5;1;33;47m8[0;5;35;41m [0;5;37;40mS[0;5;35;40mX[0;5;31;40m8X@@[0;5;30;40m@[0;5;31;40m@[0;5;30;40m8X[0;5;31;40m8[0;5;30;40m8[0;31;40mX[0;32;40m:[0m
[0;31;40m.tS[0;32;40mS[0;31;40mX[0;1;30;40m@[0;31;40m%[0;32;40mX[0;31;40m@[0;1;30;40m8[0;31;40mS[0;1;30;40m8[0;31;40mX[0;5;30;40m8[0;31;40m8[0;5;31;40m@S[0;5;33;40m88[0;5;31;40m@[0;1;30;41m8[0;5;30;40m@[0;1;30;40m8[0;5;30;40m8@[0;5;32;40mX[0;1;30;42m8[0;1;30;40m8[0;5;32;40mX[0;30;41mS[0;1;31;43m8[0;5;37;43m8[0;5;37;47m8[0;5;37;43m8[0;5;37;47m8[0;5;37;43m8[0;5;37;47m8[0;5;1;33;47m8[0;5;1;37;43m8[0;5;37;45m8[0;5;37;43m8[0;5;1;35;41m8[0;1;31;47m8[0;5;33;41m [0;1;30;47m8[0;5;35;40m:[0;31;43m8[0;5;33;40mX[0;5;31;40m@SSS@[0;5;30;40m@[0;5;31;40m@[0;1;30;40m8[0;5;30;40m8[0;5;31;40m8[0;1;30;40mX[0;32;40m.[0m
[0;31;40m.;%%[0;1;30;40mX[0;31;40m%[0;1;30;40m@[0;31;40mS[0;1;30;40m@[0;32;40m%[0;1;30;40mX[0;31;40mS[0;1;30;40m8[0;1;30;43m8[0;1;33;47m@X[0;1;37;47m@[0;1;33;47mS[0;5;37;47m8[0;5;37;43mS[0;1;37;47m8[0;1;30;43m8[0;31;43m8[0;5;31;40m@[0;1;30;41m8[0;31;40m88[0;5;31;40m@[0;31;40m8[0;31;43m8[0;33;47m8[0;5;37;43m8[0;1;37;47m [0;5;1;37;43m8[0;5;1;33;41m8[0;5;37;47m8[0;5;1;33;41m%[0;5;1;35;41m8[0;5;33;41m;[0;1;31;43m8[0;5;33;40m:[0;1;31;43m8[0;1;30;43m88[0;1;31;43m8[0;1;30;43m8[0;1;31;43m8[0;37;43m8[0;1;30;43m888@S[0;31;43m8[0;5;33;40m88[0;5;31;40m8[0;5;30;40mX[0;31;40mX[0;32;40m;[0m
[0;31;40m :[0;32;40mt[0;31;40m%t[0;32;40mt[0;31;40mS[0;32;40m%[0;31;40mSS%[0;1;30;40m@[0;1;30;43mS[0;1;33;47m8S[0;5;37;43m8[0;5;1;33;47m88[0;1;37;47mS[0;5;1;33;47m8[0;5;37;47m8[0;5;1;33;47m8[0;1;30;43m8[0;33;41m8[0;5;31;40mXS[0;5;33;40m8[0;31;43m8[0;1;30;43m8[0;33;41m@[0;5;37;41m8[0;5;1;31;43m8[0;5;1;35;41m8[0;5;37;41m8[0;5;35;41mt[0;1;31;43m8[0;1;33;47m8XS@[0;5;37;43m8[0;1;33;47mXS[0;5;37;47m8S;:%::;S@[0;1;33;47mS%[0;33;47m8[0;1;30;43m8[0;5;33;40m;@[0;31;40m.[0m
[0;32;40m [0;31;40m:;[0;32;40m;[0;31;40m%ttt;[0;32;40mt[0;31;40m%t[0;31;43m8[0;5;37;43m8[0;5;1;33;41m8[0;1;37;47m [0;5;37;43m888[0;5;37;47m8[0;5;37;43m8[0;5;1;33;47m8[0;5;33;41mt[0;5;31;40m8[0;30;41m88[0;31;43m8[0;1;31;43m8[0;1;31;47m@[0;5;31;41mX[0;33;47m8[0;5;37;43m8[0;5;1;37;43m@[0;1;30;43m88[0;5;37;43m@888[0;1;33;47mS[0;5;37;47m88X[0;5;1;33;47m8[0;5;37;47m%[0;5;1;33;47m8[0;5;37;47m%[0;5;1;33;47m8[0;5;37;47m%[0;5;1;37;43m8[0;5;37;47mt[0;5;1;37;43m8[0;5;37;47m;.t;.@[0;1;30;43m8[0;31;40mX[0m
[0;32;40m .[0;31;40m::[0;32;40m:[0;34;40m:[0;32;40m:[0;31;40m;[0;34;40m;[0;31;40mt[0;32;40m;[0;31;40m;X[0;1;30;41m8[0;5;37;43m8[0;5;1;33;41m8[0;1;33;47m%[0;5;1;33;41m8[0;5;37;47m8[0;5;1;31;43m8[0;1;33;47mS[0;5;31;41m [0;5;33;40m8[0;30;41m@[0;5;31;40mS[0;30;41m8[0;1;30;43m8[0;33;47m8[0;5;33;43m;[0;5;31;40mS[0;37;43m@[0;33;47m8[0;1;31;43m8[0;1;30;41m8X[0;33;41m8[0;5;1;31;43m8[0;5;37;43m88[0;5;37;47m8[0;5;1;33;47m8X[0;5;37;47mS%tt[0;5;1;33;47m8[0;5;37;47m%[0;5;1;33;47m8[0;5;37;47mt[0;5;1;33;47m8[0;5;37;47mS[0;5;1;37;43m8[0;5;1;33;47m8[0;5;37;47m;[0;5;1;37;43m8[0;5;37;47mt[0;5;1;33;47m8[0;5;37;47m8[0;31;40m%[0m
[0;32;40m [0;31;40m..[0;34;40m.[0;31;40m:::[0;32;40m:[0;31;40m;.;[0;34;40m:[0;31;40mtX[0;30;41m8[0;35;41m8[0;31;43m8[0;5;37;41m8[0;5;1;33;41m8[0;5;37;41m8[0;33;41m@[0;1;30;41m8[0;30;41mX[0;1;30;43m8[0;5;33;41m;[0;1;33;47m@[0;5;37;41m8[0;5;1;31;45m8[0;1;35;47m8[0;5;1;35;41m@[0;5;37;45m8[0;5;1;31;45m8[0;5;37;45m88XX[0;5;35;45m;[0;1;33;47mX[0;5;37;47m8[0;5;1;33;47m8[0;5;37;47m%[0;5;1;33;47m8@@[0;5;37;47m%[0;5;1;33;47m8[0;5;37;47mS[0;5;1;33;47m@[0;5;37;47mt[0;5;1;33;47m8[0;5;37;47mt[0;5;1;33;47m8[0;5;37;47mt[0;5;1;33;47m8[0;5;37;47mt[0;5;1;33;47m8[0;5;37;47mtt[0;1;33;47mX[0;31;40mX[0m
[0;31;40m;[0;5;31;40mS[0;31;40m8[0;1;30;40m8[0;31;40m8[0;1;30;40m8[0;31;40mt;[0;32;40m;[0;31;40mt;t;[0;34;40m;[0;31;40mS8[0;5;31;40m8[0;30;41m8[0;37;43m@[0;5;37;43mS[0;5;1;31;43m8[0;31;45m8[0;1;31;45m8[0;5;37;45m8@[0;5;35;45m [0;5;37;45m@[0;5;1;31;45m8[0;5;37;45m8[0;5;1;31;45m8[0;5;37;45m88[0;5;1;35;41m8[0;5;35;45m.[0;5;33;41m@[0;33;47m8[0;5;33;41m:[0;5;1;33;47m88[0;5;37;47mS[0;5;1;33;47m8[0;5;37;47m%[0;5;1;33;47m8[0;5;37;47mS[0;5;1;37;43m8[0;5;37;47mt[0;5;1;33;47m@[0;5;37;47mt[0;5;1;33;47m8[0;5;37;47mt[0;5;1;37;43m8[0;5;37;47mt[0;5;1;33;47m8[0;5;37;47mt[0;5;1;37;43m8[0;5;37;47mt[0;5;1;37;43m@[0;5;1;33;47m8[0;1;37;47m@[0;31;40m@[0m
[0;31;40m.;8[0;1;30;43m8[0;1;33;47m8[0;33;47m8[0;1;33;47m8[0;33;47m8[0;1;33;47mX[0;5;37;40m@[0;5;33;40mS[0;5;31;40mX[0;5;30;40mX[0;5;35;40m%[0;5;36;40mS[0;5;31;40mS[0;5;32;40mS[0;1;30;43m8[0;1;33;47m8[0;5;1;31;43m8[0;33;47m8[0;1;31;41m8[0;35;47m@[0;5;1;35;41m8[0;1;33;47m@[0;5;37;41m8[0;5;37;43m8[0;1;33;47mX[0;5;37;43m88[0;5;37;41m88[0;1;30;45m8[0;33;41m8[0;1;30;41m88[0;1;30;43m8[0;5;37;43m8[0;5;1;33;47m8@[0;5;37;47mS[0;5;1;33;47m@[0;5;37;47mS[0;5;1;33;47m8[0;5;37;47mt[0;5;1;33;47m8[0;5;37;47mt[0;5;1;33;47m8[0;5;37;47mt[0;5;1;33;47m8[0;5;37;47mt[0;5;1;33;47m8[0;5;37;47mt[0;5;1;37;43m8[0;5;37;47m%[0;5;1;37;43m8[0;5;37;47m%[0;5;1;33;47m8[0;1;33;47mS[0;31;40m@[0m
[0;32;40m ;t[0;31;40m%%[0;30;41m8[0;5;31;40mS[0;1;30;41m88[0;31;40m8[0;5;30;40m8[0;1;30;40m8[0;5;30;40m8[0;1;30;40m8[0;5;34;40m@[0;5;31;40mS[0;1;30;47mS[0;1;33;47m8S[0;1;37;47m [0;5;37;43m8[0;1;37;47m:[0;5;37;43m88[0;5;1;35;41m8[0;5;37;43m8[0;5;1;31;45m8[0;5;37;43m8[0;5;1;31;45m8[0;5;37;43m8[0;1;31;47mX[0;5;37;41m8[0;33;41m8[0;1;30;40m8[0;30;41m8[0;1;30;43m%@[0;1;33;47m8[0;5;1;33;47m8[0;5;37;47m8[0;5;1;33;47m@[0;5;37;47mS[0;5;1;33;47m@[0;5;37;47mt[0;5;1;33;47m8@8[0;5;37;47m%[0;5;1;37;43m8[0;5;37;47mt[0;5;1;33;47m8[0;5;37;47m%[0;5;1;33;47m8[0;5;37;47mt[0;5;1;33;47m8[0;5;37;47mt[0;5;1;37;43m8[0;5;37;47mt[0;1;33;47mS[0;31;40m8[0m
[0;32;40m [0;31;40m..[0;32;40m:t[0;5;30;40m8[0;5;33;40m8;:  .%[0;5;31;40mX[0;5;34;40mS[0;5;32;40mS[0;5;31;40mX8[0;1;30;41m@8X[0;1;30;43mX[0;1;31;41m8[0;5;33;40m:[0;1;30;43m8[0;5;33;41mS[0;5;33;40m.[0;5;31;41m%[0;5;33;40mt[0;1;31;41m@[0;1;30;41mX[0;31;40m@[0;5;30;40m8[0;31;40mX[0;32;40mS[0;31;40m8[0;30;41mX[0;1;30;43m8[0;5;37;43m8[0;5;1;33;47m8[0;5;37;47mX[0;5;1;33;47m8@8@[0;5;37;47mX[0;5;1;37;43m8[0;5;1;33;47m@[0;5;37;47mt[0;5;1;37;43m8[0;5;37;47mt[0;5;1;37;43m8[0;5;1;33;47m8[0;5;37;47mX[0;5;1;37;43m8[0;5;1;33;47m8[0;5;37;47mS[0;5;1;37;43m8[0;1;37;47mS[0;31;40m8[0m
[0;31;40m .;[0;1;30;40m8[0;5;35;40mt[0;5;33;40m:[0;5;37;40m8[0;1;30;47m.[0;33;47mX[0;1;37;47m;[0;1;33;47mS[0;1;30;47m..[0;5;37;40m8[0;5;33;40m@[0;5;35;40m;[0;1;30;40m8[0;32;40m%[0;31;40mt[0;32;40mX[0;31;40m8[0;1;30;40m@X[0;30;41m8[0;31;40mX[0;1;30;40m8[0;31;40m@[0;1;30;40m@[0;31;40mX[0;34;40mt[0;32;40mt[0;31;40mtt%@[0;1;30;40m@[0;31;40m8[0;1;30;41m8[0;31;43mX[0;5;37;43m8[0;5;37;47mS[0;5;1;33;47m88888[0;5;37;47mX[0;5;1;33;47m88[0;5;37;47m%[0;5;1;37;43m8[0;5;37;47m%[0;5;1;37;43m8[0;5;37;47m%[0;5;1;33;47m8[0;5;37;47mX[0;5;1;37;43m8[0;5;37;47mt[0;5;37;43m8[0;31;40mX[0m
[0;31;40m:[0;5;30;40m8[0;5;33;40m; [0;5;37;40m8[0;1;30;47mS[0;33;47m8[0;1;30;47mS%[0;37;43m8[0;1;30;47m%.[0;33;47mX[0;1;37;47m@[0;5;33;40m 8[0;1;30;40mXXXX[0;31;40m%[0;32;40mt[0;31;40mS[0;32;40m%[0;31;40mt[0;32;40m;[0;31;40m;[0;32;40m;[0;31;40m;t[0;32;40m;[0;31;40mt[0;32;40mt[0;31;40m%[0;1;30;40mX[0;31;40mSS[0;1;30;40m8[0;1;30;41m@[0;31;43m8[0;5;37;43m8[0;1;37;47m%[0;5;1;37;43m8[0;5;37;47m8S[0;5;1;37;43m8[0;5;1;33;47m@[0;5;37;47mS[0;5;1;37;43m8[0;5;1;33;47m8[0;5;37;47m%[0;5;1;37;43m8[0;5;1;33;47m8[0;5;1;37;43m8[0;5;1;33;47m8[0;5;1;37;43m8[0;5;37;47m@[0;5;1;33;47m8[0;5;37;47m8[0;31;40m%[0m
[0;1;30;40mS[0;5;33;40m [0;1;30;47mt:[0;33;47m8@[0;5;33;40m:X [0;1;30;47m;%[0;33;47m8[0;1;37;47mX[0;33;47m8[0;5;33;40m8[0;31;40mX[0;1;30;40m8[0;31;40mS[0;1;30;40m@[0;31;40m%[0;1;30;40mX[0;31;40m%[0;1;30;40mS[0;31;40mt[0;1;30;40mXX[0;32;40m;[0;31;40mt[0;32;40mt[0;31;40mt;[0;32;40m;[0;31;40m%[0;32;40mt[0;31;40m%[0;32;40m%[0;31;40mS%[0;1;30;40m@[0;30;41m8[0;1;30;41mS[0;31;43m8[0;33;47m8[0;5;37;43m8[0;5;1;33;47m8[0;5;37;47m8[0;5;1;37;43m8[0;5;1;33;47m8[0;5;37;47m8[0;5;1;37;43m8[0;5;37;47m%[0;5;1;33;47m8[0;5;37;47m@[0;5;1;33;47m8[0;5;37;47m8S[0;5;1;37;43m8[0;5;37;47mX[0;1;30;43m8[0;31;40m8[0m
[0;1;30;40m8[0;5;33;40m [0;37;43m8[0;5;33;40m.[0;33;47m8[0;5;33;40m8[0;5;31;40mX[0;5;33;40m: [0;33;47m8X[0;1;33;47mS[0;33;47mS[0;5;33;40m%[0;5;31;40mS[0;1;30;40m8[0;5;32;40m@[0;5;30;40m8X@@8[0;1;30;40m8@[0;31;40mt[0;1;30;40mX[0;31;40m%[0;1;30;40mX[0;31;40mt[0;32;40m%[0;1;30;40mX[0;31;40m%[0;1;30;40mX[0;31;40mt[0;1;30;40mX[0;31;40m%[0;32;40mS[0;31;40mX[0;1;30;40m@[0;32;40m%[0;31;40mX8[0;1;30;41mX[0;30;41mt[0;33;41m8[0;31;43mS[0;37;43m8[0;33;47m8[0;5;37;43m8[0;1;33;47mX@SXS[0;37;43m@[0;1;31;43m8[0;37;43m@[0;5;1;31;43m8[0;33;47m@[0;30;41m8[0m
