[0;5;33;40m%[0;1;37;47m8[0;5;37;43m8[0;1;37;47mt[0;5;37;47mXSX8[0;5;37;43m@[0;1;31;47m8X@8[0;1;35;47m8[0;5;37;41m8[0;1;35;47mXX[0;5;37;41m8[0;5;37;43m8[0;5;37;41m8[0;1;33;47m8[0;1;37;47m [0;5;37;47m888@8[0;5;37;43m8[0;5;1;31;43m8[0;5;33;41m [0;5;33;43m.[0;5;31;41m.[0;31;43m8[0;1;30;41mS[0;30;41m88[0;5;31;40mX[0;5;33;40mS[0;1;37;47m  [0;5;37;47m88%tS8[0;1;37;47m;[0;5;37;47m8[0;1;37;47m [0;31;45m@[0;5;31;40mS[0;5;33;43mX[0;5;37;43mt;[0;5;37;47m:[0;1;37;47m8[0;5;37;47m [0;5;37;43m:[0;1;30;47m%[0;31;40m;[0m
[0;5;33;40mX[0;33;47m8[0;1;33;47mX[0;5;37;47m8%;%8[0;1;37;47m.[0;1;30;43m8[0;31;45m@[0;1;30;41m8[0;1;30;45m8[0;5;37;41m8[0;5;37;45m8[0;5;1;31;45m8[0;5;1;35;47m8[0;5;37;47m8StX888X88[0;5;1;31;43m8[0;1;33;47mX[0;5;37;41m888[0;35;41m8[0;1;30;41m8[0;5;31;40m8[0;5;35;40m@@[0;35;47m@[0;5;37;47m8[0;5;1;37;45m8[0;5;37;47m@[0;5;1;35;47m8[0;5;37;47mt:tt[0;5;1;35;47m88[0;1;35;47m@[0;1;30;45m8[0;5;33;40mX[0;5;37;43m@:[0;5;37;47m.[0;5;37;43m.[0;5;37;47m:;;[0;1;30;47mt[0;31;40m;[0m
[0;5;31;40m@[0;1;30;47m8[0;5;37;47mS;.t8[0;1;37;47m:[0;5;33;40m8[0;5;31;40m8[0;1;30;40m8[0;30;41m8[0;1;30;41m8[0;31;40m8[0;5;35;40mt[0;1;37;47m [0;5;37;47m8t[0;1;37;47m8[0;5;37;47m8[0;1;37;47m8[0;1;33;47m8[0;5;37;45m8[0;5;37;47m8;t;[0;1;37;47m [0;5;1;33;41m8[0;5;37;41m8[0;5;1;33;41m8[0;1;31;47m@[0;5;35;41m%[0;5;31;40m88[0;5;35;40mS[0;1;30;47m8[0;5;37;47m@[0;5;1;37;45m8[0;5;37;47mX[0;5;1;35;47m8[0;5;37;47mS::[0;5;1;35;47m8[0;5;37;47mSS[0;5;1;35;47m8[0;1;35;47m8[0;5;35;40m@[0;1;30;47m [0;5;37;47mX%S.SX%[0;1;30;47mt[0;31;40m:[0m
[0;5;35;40mS[0;5;37;47mX:[0;1;37;47m8[0;5;37;47mX8[0;1;30;47m [0;5;32;40mX[0;32;40m%[0;1;30;40m@X@@[0;5;35;40m8[0;1;30;47mt[0;1;37;47m8@[0;5;37;47m88[0;1;37;47m [0;1;30;47m8[0;5;37;41m8[0;5;37;47m8[0;5;1;35;47m8[0;5;37;47m%:[0;1;37;47m8 [0;5;37;43m8[0;1;35;47mS[0;1;37;47m [0;5;1;33;41m@[0;5;37;41m8[0;1;30;45m8[0;5;31;40m8[0;5;37;40m%[0;5;37;47m@ttt;;::;;@[0;1;35;47mS[0;1;30;45m8[0;5;35;40m:[0;5;37;47m88XX[0;1;37;47m8[0;5;37;47mtS%[0;1;30;47m;[0;32;40m.[0m
[0;5;35;40m%[0;1;37;47m8@[0;5;37;47m8[0;1;37;47m:[0;1;30;46m8[0;5;30;40m@[0;34;40m%[0;1;30;40m@[0;31;40mS[0;1;30;40m8[0;31;40mS[0;34;40m8[0;1;30;47m8[0;5;37;47m88[0;1;37;47mt[0;1;36;47mX[0;1;30;47m [0;35;47m8[0;5;37;41m8[0;5;37;47m8@%%[0;1;37;47m [0;1;30;47m:[0;1;31;47m@[0;5;1;33;41mX[0;1;35;47mS[0;5;1;33;41m8[0;5;1;37;45m8[0;5;33;41m [0;5;33;40m.[0;1;37;47m [0;5;37;47mX:XX:.[0;5;1;35;47m8[0;5;37;47m;:[0;1;37;47m8[0;5;37;47mSt[0;5;37;40m8[0;5;33;40m:[0;1;37;47mt[0;5;37;47m@@S[0;1;37;47m@;[0;5;37;47m@S%[0;1;30;47m;[0;34;40m:[0m
[0;5;36;40mt[0;1;37;47m:%X[0;5;37;47m@[0;36;47mX[0;5;30;40m8[0;1;30;40m@X[0;34;40m8[0;5;35;40mX[0;1;34;46m8[0;1;36;47mXSS[0;5;37;47m8[0;5;1;34;46m8[0;1;37;47m [0;5;37;41m8[0;5;1;31;43m8[0;5;1;37;45m8[0;5;37;47mS:[0;1;37;47m@  [0;1;35;47m8@[0;5;37;41m8[0;5;1;33;41m8[0;5;1;35;47m8[0;5;1;31;43m8[0;5;37;47m88S:8888 ;[0;1;37;47m8[0;5;37;47m888[0;1;37;47mt[0;1;33;47m8[0;5;37;43m8[0;5;37;47mtt@[0;1;37;47mS [0;5;37;43mS[0;5;37;47mSSS[0;36;47mS[0;34;40mt[0m
[0;5;36;40m:[0;5;37;47mSSSS[0;5;37;40m8[0;34;40mX[0;1;30;40m@[0;34;40m@[0;5;35;40m;[0;5;1;36;44m8[0;1;36;47mX[0;5;37;46m8[0;1;36;47m%[0;5;1;37;46m8[0;1;36;47mSS8[0;1;35;47mX[0;1;37;47m    [0;5;37;47m8[0;1;37;47m [0;5;37;47m8[0;1;35;47mX[0;5;1;37;45m8[0;5;37;45m8[0;5;1;33;41m8[0;5;37;45m8[0;5;37;47m8[0;5;1;35;47m8[0;5;37;47m@:X88%t88888[0;1;37;47m8[0;5;37;43mtt[0;5;37;47m@8%[0;1;37;47m  8[0;5;37;43m%[0;5;37;47m@:8[0;1;30;47m8[0;34;40mt[0m
[0;5;33;40m:[0;5;37;47m%;8[0;5;36;40m.[0;5;30;40m@[0;1;30;40mX8[0;5;35;40m8[0;5;37;44m8[0;5;37;46m8[0;5;37;44m8[0;5;37;46m8[0;5;1;36;44m8[0;1;37;47m [0;5;1;34;46m8[0;5;1;36;44m8[0;1;36;47mX[0;5;1;34;46m8[0;1;36;47m@[0;5;37;46m8[0;1;37;47m [0;5;1;37;46m8[0;5;37;46m8[0;1;37;47m [0;5;37;45m8[0;5;37;47m [0;5;37;45m88[0;5;37;43m8[0;5;1;33;41mX[0;5;1;31;43m8[0;5;37;47m8tt[0;1;37;47m;:[0;5;37;47mt[0;5;37;45m.[0;5;37;47mS888[0;1;37;47m8[0;5;37;43m@;S[0;1;37;47m  8S[0;5;37;47m8[0;1;36;47mS[0;36;47m8[0;1;36;47mS[0;1;37;47m %@[0;1;30;45m8[0;34;40m%[0m
[0;5;35;40m.[0;5;37;47m%[0;1;30;47mS[0;5;34;40m8[0;1;30;40m8[0;34;40mS[0;1;30;40m8[0;1;30;44mX[0;5;36;44m:[0;5;37;46m8[0;1;36;47m8[0;5;1;34;46m8[0;1;37;47m [0;5;1;34;46m@[0;5;1;36;47m8[0;5;37;44m8[0;5;37;47m8[0;5;1;34;46m8[0;5;37;47m8[0;5;1;34;46m8[0;5;37;47m8[0;5;1;34;46m8[0;5;37;47m8[0;5;1;36;44m@[0;1;37;47m [0;5;37;45mS;[0;5;37;47m8[0;5;37;45m88[0;5;1;31;43m@[0;5;1;33;47m8[0;5;37;47m8[0;1;37;47m;[0;5;37;43m888@[0;1;37;47mS[0;5;37;47mX%8[0;1;37;47mX[0;5;37;43mXX88[0;1;35;47mS[0;1;37;47mt[0;1;34;47mX[0;5;37;46m88[0;5;37;44m8[0;5;1;34;46m8[0;1;36;47m88XS[0;1;34;46m8[0;1;30;40mS[0m
[0;5;33;40mt[0;5;35;40m [0;5;30;40m@[0;31;40mSS[0;1;30;40m8[0;1;30;45mX[0;36;47m8[0;5;37;46m8[0;5;37;44m8[0;5;37;46m8[0;1;36;47mS[0;5;1;34;46m8[0;5;37;47m8[0;5;1;36;44m8[0;5;37;47m8[0;5;1;34;46m8[0;5;37;47m8[0;5;37;46m8[0;5;37;47m8[0;5;1;34;46m8[0;5;1;37;46m8[0;5;34;44m [0;5;36;40m%[0;1;30;45m8[0;1;37;47m:[0;5;37;45m8[0;5;1;37;45m@8[0;5;1;31;43mX[0;5;37;43m8[0;5;1;31;43m@t[0;5;37;43mS8@[0;5;1;31;43m8[0;5;37;43mX@[0;5;37;47m8X[0;5;37;43m%%@@@8[0;5;37;45m8[0;1;34;47m@[0;5;37;46m8[0;5;37;44m8[0;5;37;46m88[0;5;37;44m8[0;5;1;36;44m8[0;1;36;47mS[0;5;1;37;46m8[0;1;37;47m [0;1;34;46m8[0;1;30;40m@[0m
[0;31;40m;%[0;34;40m%[0;31;40mX[0;34;40m8[0;5;35;40m@[0;5;36;44m [0;1;36;47m8[0;5;37;46m8[0;1;36;47mS[0;5;1;34;46m8[0;5;37;47m8[0;5;1;34;46m8[0;5;37;47m8[0;5;1;35;44m8[0;5;1;37;46m8[0;5;1;36;47m8[0;5;37;46m8[0;5;37;47m8[0;5;1;34;46m8[0;5;37;47m8[0;5;36;44m.[0;5;32;40mS[0;5;30;40m@[0;1;30;41m8[0;35;47m8[0;1;35;47m@[0;5;37;41m8[0;5;37;47m8[0;5;1;31;43m@[0;5;1;37;43mS[0;5;37;43mXS%S%%X[0;5;1;37;43m88[0;5;37;43mS[0;5;1;37;43m8[0;5;37;43mS%[0;1;33;43m:[0;5;31;41m8[0;5;35;40m.[0;1;34;47m@[0;5;1;34;46m8[0;1;36;47mS[0;5;1;34;46m8[0;1;35;47mS[0;5;1;34;46m8[0;5;37;47m8[0;5;1;36;44m8[0;1;37;47m [0;5;1;37;46m8[0;5;37;46m8[0;5;37;44m8[0;34;40mt[0m
[0;31;40m:;[0;1;30;40mS8[0;5;35;40mS[0;1;36;47m8XXS[0;5;37;47m8[0;5;1;34;46m8[0;5;37;47m8[0;1;35;47mX[0;5;37;46m8[0;5;37;47m8[0;5;37;46m8[0;5;37;47m8[0;5;1;34;46m8[0;5;37;47m8[0;5;1;34;46m8[0;1;34;47m8[0;5;36;40m8[0;31;40mS[0;5;34;40m@[0;1;30;41m@[0;1;31;41m8[0;1;37;47m [0;5;1;37;45m@[0;5;1;31;43m8[0;5;37;43m8[0;5;1;31;43m%[0;5;1;37;43m%[0;5;37;43mS[0;5;1;37;43mt[0;5;1;31;43m%[0;5;37;43mS[0;5;1;31;43mX[0;5;1;37;43m8[0;5;37;47m8[0;5;1;37;43m88[0;5;37;43mS[0;1;30;43mX[0;1;30;41mS[0;5;31;40m8[0;5;34;40m8[0;5;35;40m%[0;5;37;44m8[0;1;36;47m@[0;5;37;44m8[0;5;37;46m8[0;5;1;34;46m8[0;1;37;47m [0;5;1;34;46m8[0;1;37;47m [0;5;1;34;46m8[0;5;37;47m8[0;5;37;46m8[0;5;35;44mt[0;32;40mS[0m
[0;31;40m:;%[0;5;34;40mX[0;5;37;44m8[0;1;36;47m@X[0;5;37;46m8[0;5;1;35;47m8[0;5;1;34;46mX[0;5;37;47m8[0;1;35;47mS[0;5;37;47m8[0;1;34;47mS[0;5;1;36;47m8[0;5;37;47m8[0;5;1;37;46m8[0;5;37;47m8[0;5;1;34;46m8[0;1;37;47m [0;36;44mS[0;1;30;40m@8[0;31;40m8[0;5;35;40m8;[0;5;37;41m8[0;5;37;45m8[0;5;37;43m8[0;5;1;31;43m%[0;5;1;37;43mX[0;5;37;43m%SXS[0;5;1;31;43mX[0;5;1;37;43m888[0;5;37;43m@8[0;1;30;41m@8[0;34;40mS[0;31;40mX[0;1;30;40m@[0;1;30;45m8[0;5;1;36;44m8[0;5;37;44m8[0;5;37;46m8[0;5;1;35;44m8[0;5;37;46m8[0;5;1;34;46m8[0;1;35;47mX[0;5;1;36;44m8[0;5;37;47m8[0;5;1;37;46m8[0;5;37;45m8[0;1;36;46m:[0;34;40mS[0m
[0;31;40m:t[0;5;35;40mX[0;1;34;47m8[0;5;37;46m88[0;5;37;45m8[0;5;1;37;46mS8[0;1;37;47m [0;1;35;47mS[0;1;37;47m [0;5;1;37;46m8[0;5;37;47m8[0;5;1;37;46m8[0;5;37;45m8[0;5;1;37;46mX[0;5;37;46m8[0;5;35;44m [0;5;34;40mS[0;1;30;40m88[0;31;40m8[0;5;34;40m8[0;30;41m@[0;37;45m8[0;5;37;41m8[0;5;1;33;47m8[0;5;1;31;43m8[0;5;1;37;43m8[0;5;37;43m88[0;5;1;37;43mS[0;5;1;31;43m@[0;5;37;43m888[0;5;37;47m@[0;5;1;33;47m8[0;5;37;43m8[0;1;30;43m8[0;1;30;41mX[0;1;30;40m8[0;31;40m@[0;1;30;40m@[0;30;44m8[0;5;36;40m;[0;5;37;44m8[0;5;37;46m8[0;5;1;36;44m8[0;5;37;46m8[0;1;34;47mS[0;5;37;46m8[0;5;1;35;44m8[0;1;36;47m%[0;5;1;34;46m8[0;5;37;47m8[0;5;1;34;46m8[0;1;34;46m8[0;31;40m@[0m
[0;31;40m;[0;5;35;40m@[0;36;47m8[0;5;37;44m8[0;1;36;47mS[0;5;37;46m8[0;5;1;37;46m8[0;1;34;47mS[0;5;37;47m8[0;1;35;47mX[0;1;36;47mS[0;5;1;37;46m8[0;5;37;45m8[0;5;1;37;46m8[0;5;1;36;47m8[0;5;1;37;46m8[0;5;37;45m8[0;5;36;44mt[0;5;33;40mX[0;34;40mS[0;31;40m8[0;1;30;40m88[0;31;40m8[0;5;35;40m8[0;1;31;47m8[0;5;37;45m8[0;1;33;47m@[0;5;37;43m8[0;5;1;31;43m@[0;5;1;37;43m8[0;5;37;43m8888[0;1;33;47mX[0;5;37;47m@[0;5;1;33;47m8[0;5;37;43m8[0;1;30;43m8[0;1;30;41m@[0;34;40mX[0;1;30;40m8[0;34;40m@[0;1;30;40m@[0;1;30;44m8[0;5;36;44mS[0;1;34;47m8[0;5;1;36;44m8[0;1;37;47m [0;5;1;36;44m8[0;1;37;47m [0;5;1;34;46m8[0;1;37;47m [0;5;1;36;44m8[0;5;37;47m8[0;5;1;34;46m8[0;5;37;47m8[0;5;36;44m@[0;31;40mt[0m
[0;1;30;40m8[0;5;37;40m:[0;5;37;46m8[0;1;34;47m@[0;5;37;46m8[0;5;1;35;44m8[0;5;1;37;46m8[0;5;37;46m8[0;5;37;45m8[0;5;37;46m8[0;5;1;34;45m8[0;5;1;36;47m8[0;5;1;37;46m8[0;5;37;47m8[0;5;1;34;46m8[0;5;37;47m8[0;5;36;46m [0;5;35;40m8[0;1;30;40m@88[0;31;40m8[0;5;35;40m8[0;1;30;41m8[0;37;45m8[0;5;37;45m8[0;5;37;43m8[0;5;37;41m8[0;5;37;43m8[0;5;1;37;43m8[0;5;1;31;43m@[0;5;1;37;43m8[0;5;1;33;41m8[0;1;33;47m8[0;5;37;43m8[0;5;1;33;47m88[0;5;37;47m8[0;1;33;43m:[0;1;30;41m8[0;31;40m8[0;5;30;40m@[0;31;40mX[0;1;30;40m8[0;34;40mt[0;5;35;40m8[0;1;34;46m8[0;1;36;47m8[0;5;37;44m8[0;5;37;46m8[0;5;37;44m8[0;5;1;37;46m8[0;5;1;34;45m8[0;1;36;47mX[0;1;34;47mS[0;5;1;36;47m8[0;1;37;47m [0;5;1;34;46m8[0;5;36;40m;[0;34;40mX[0m
[0;5;30;40m8[0;5;37;44m8[0;5;37;46m8[0;5;1;34;46m8[0;5;37;47m8[0;5;1;34;46mS[0;1;37;47m [0;5;1;34;46m8[0;5;37;46m88[0;5;1;37;46m8[0;5;37;47m8[0;5;37;46m8[0;5;37;47m8[0;5;1;37;46m8[0;5;35;44m [0;5;31;40mX8S[0;5;35;40m8[0;1;30;41m8[0;5;34;40mS[0;1;30;41m@[0;37;45m8[0;5;37;45m8[0;1;31;47mX[0;5;37;43m88@88[0;5;1;31;43m8[0;5;37;43m8[0;5;33;43m [0;1;33;47m%[0;5;37;47m8[0;5;1;37;43m@[0;5;37;43m8[0;31;43m8[0;5;35;40m8[0;31;40m@[0;1;30;40m8[0;34;40mS[0;31;40mS[0;1;30;44m@[0;5;36;40m8[0;5;36;44m;[0;1;36;47m8[0;5;1;36;44m8[0;1;34;47mS[0;5;37;46m8[0;1;35;47m8[0;5;36;44m:[0;1;36;47mS[0;5;1;36;44m8[0;5;37;47m8[0;5;1;34;46m8[0;5;37;47m8[0;36;44mX[0;34;40m:[0m
[0;5;30;40m8[0;1;30;47m8[0;5;37;44m8[0;1;36;47mS[0;5;1;34;46m8[0;5;37;47m8[0;5;1;34;46m8[0;5;37;47m8[0;5;1;34;46m8[0;5;37;47m8[0;5;1;34;46m8[0;5;37;47m8[0;5;1;37;46m8[0;5;1;36;44m8[0;1;37;47m [0;5;36;40m;[0;5;31;40m@8[0;1;30;41m8@[0;5;35;40m8[0;1;30;45m8[0;1;35;47m@[0;5;37;41m8[0;1;37;47m [0;5;1;31;43m8[0;5;37;43m8[0;5;1;33;41m8[0;5;37;43m%[0;5;1;31;43m@[0;5;37;43m8[0;5;33;43m [0;1;31;43m8[0;1;33;47m@[0;5;1;37;43m88[0;1;33;47mS[0;1;31;43m8[0;5;33;40mX[0;5;31;40m8S[0;5;30;40m8[0;5;31;40m8[0;1;30;40m8[0;1;30;45m8[0;5;36;44m%[0;36;47mX[0;5;37;44m8[0;1;36;47mS[0;5;1;36;44m8[0;1;37;47m [0;1;36;47mX[0;1;30;47m@[0;1;35;47mX[0;5;1;37;46m8[0;1;37;47m [0;5;37;46m8[0;5;37;44m8[0;1;30;44m8[0;32;40m.[0m
[0;5;31;40m8[0;33;47m8[0;1;31;47m888[0;35;47m88[0;1;35;47m8[0;1;37;47m [0;5;1;37;46m8[0;5;37;47m8[0;5;1;34;46m8[0;5;37;47m8[0;5;37;44m8[0;5;36;40m8[0;5;30;40mS[0;5;31;40m8[0;5;30;40m8[0;5;35;40m8[0;1;30;45m8[0;1;35;47m@[0;5;1;35;41m8[0;1;35;47mS[0;5;37;45m8[0;5;37;43m@8@@@8888[0;5;37;47m8[0;5;1;37;43m8[0;1;33;47mS[0;5;37;43m8[0;5;33;40mS[0;5;31;40mX[0;5;34;40m8[0;5;30;40m@[0;5;31;40mS[0;5;35;40m8X[0;36;47m8[0;1;34;47m8[0;5;1;36;44m8[0;1;36;47mX[0;5;1;35;44m@[0;5;37;46m8[0;5;37;44m8[0;1;36;47m8[0;5;37;44m8[0;5;37;46m8[0;1;37;47m [0;5;1;34;46m8[0;5;37;47m8[0;5;36;44m;[0;30;42m8[0;31;40m:[0m
[0;31;40m8[0;1;33;43m:[0;5;33;43m [0;5;33;41mt[0;5;33;43mt[0;1;31;43m8[0;1;33;47m8[0;33;47m8[0;35;47m8[0;1;30;45m8[0;1;34;47m8X[0;5;1;34;46m8[0;5;36;40mt[0;5;34;40mX[0;5;31;40m88[0;35;47m8[0;1;35;47m8[0;1;31;47m8[0;5;37;45m8[0;1;35;47mX[0;5;1;33;41m8[0;1;31;47m@[0;5;33;41m [0;1;33;47m8[0;5;33;41m [0;5;37;43m888[0;1;33;47mS[0;5;37;47m8[0;5;37;43m8[0;1;37;47m.[0;5;37;43m88[0;1;33;47m8[0;1;30;41m%[0;5;30;40m8@[0;5;34;40m8[0;5;30;40m@[0;5;35;40mS[0;1;34;46m8[0;1;34;47m@[0;1;36;47m8[0;5;37;44m8[0;5;1;36;44m8[0;1;36;47m@[0;5;37;44m8[0;1;36;47m8[0;5;36;44m.[0;1;36;47m%[0;5;37;44m8[0;5;37;47m8[0;1;36;47mX[0;5;37;44m8[0;5;37;40m8[0;5;30;40m8[0;34;40m%[0m
