[0;34;40m;8[0;30;44m8[0;1;30;44m8[0;34;40m8[0;1;30;44m8[0;34;40m8[0;5;34;40m8[0;34;40m8[0;1;30;44m8[0;34;40m8[0;1;30;44m8[0;34;40m8[0;5;34;40m8[0;34;40m8[0;1;30;44m8[0;30;44m8[0;1;30;44m8[0;34;40m8[0;5;34;40m8[0;34;40m8[0;1;30;44m8[0;34;40m8[0;5;34;40m8[0;34;40m8[0;5;34;40m8[0;30;44m8[0;5;34;40m@[0;30;44m8[0;5;34;40m8[0;34;40m8[0;5;34;40m@[0;34;40m8[0;5;34;40m@[0;30;44m8[0;5;34;40m8[0;30;44m8[0;5;34;40m8[0;30;44m8[0;5;34;40m@[0;1;30;44m8[0;30;44m8[0;5;34;40m8[0;30;44m8[0;5;34;40m8[0;30;44m8[0;5;34;40m8[0;34;40m8[0;1;30;44m8[0;30;44m8[0;5;34;40m@[0;30;44m8[0;5;34;40mX[0;30;44m8[0;5;34;40m8[0;30;44m8[0;5;34;40m8[0;30;44m8[0;34;40m@[0;31;40m;[0m
[0;31;40m t[0;34;40mX[0;1;30;44m8[0;34;40mS[0;31;40mt%t[0;1;30;40m@[0;1;30;44m%[0;34;40m@[0;31;40m8@@[0;5;30;40m8[0;34;45m8[0;5;34;40m8[0;31;40m@[0;30;41m8[0;31;40m8[0;1;30;41m@[0;34;45m8[0;5;34;40m8[0;31;40m8[0;1;30;41mS[0;30;41m8[0;1;30;41mS[0;1;30;45m%[0;5;34;40m@[0;30;41mX[0;1;30;41mX[0;30;41mt[0;1;30;41m@[0;1;30;45m;S[0;5;34;40mS[0;30;41mt[0;1;30;41m%%[0;1;30;45m;[0;34;45m8[0;5;35;40m8[0;30;41m@[0;1;30;41mS[0;30;41mS[0;1;30;45mX[0;34;45mX[0;5;35;40m8[0;30;41m8[0;1;30;41m88[0;1;30;45m:[0;35;44m8[0;5;34;40m8[0;30;41m8[0;5;31;40mX[0;34;40m@[0;5;35;40m8[0;5;34;40m8[0;31;40m.[0m
[0;34;40m.;@[0;1;30;44mS[0;34;40m@[0;32;40mS[0;34;40m%[0;1;30;40mX[0;1;30;44m8S[0;5;34;40m8[0;31;40m@[0;5;31;40m8[0;30;41m8[0;5;35;40m8[0;1;30;45mt[0;1;30;44m8[0;1;30;41m888[0;1;30;45m;S%S[0;1;30;41m%[0;31;45m8[0;1;30;45mX;;%[0;31;45m888[0;1;30;45m@:;[0;31;45m88[0;1;30;45mXSS%[0;35;41m8[0;1;30;45mX[0;1;30;41mS[0;1;30;45m%X%[0;5;35;40m8[0;35;41mX[0;5;35;40m8[0;1;30;45m;[0;35;44m8[0;1;30;44m8[0;5;34;40mS[0;35;44m8[0;30;41m8[0;1;30;44m8[0;30;44m8[0;31;40m;[0m
[0;34;40mt[0;1;30;40m8[0;1;30;44m8[0;34;46m8[0;1;30;44m888[0;34;40m8[0;5;35;40m8[0;1;30;44m8[0;5;34;40m8[0;5;35;40m88[0;1;30;45mXX@SSSX8[0;5;35;45mS[0;1;30;45m8[0;1;35;45mt[0;37;45m@[0;1;31;45m8[0;37;45mX[0;5;35;45m;[0;37;45m@[0;1;35;45mt[0;35;47m8[0;1;35;45m.[0;1;35;47m8[0;5;35;45mt[0;37;45mX[0;1;30;45m8[0;37;45mX[0;1;30;45m8[0;37;45mS[0;5;35;45m%[0;37;45m8[0;1;30;45m888[0;37;45mX[0;5;35;45m8[0;37;45m@[0;1;30;45m888@8[0;37;45m@[0;1;30;45m8[0;34;45m8[0;5;35;40mS[0;1;30;44m8[0;5;36;40mS[0;1;30;44m8[0;34;40m;[0m
[0;32;40m:[0;1;30;40m@[0;5;32;40m@[0;5;34;40m8[0;5;32;40m8[0;1;30;40m8[0;5;33;40m8X[0;5;35;40mS[0;1;30;45m8[0;1;31;45m8[0;1;30;45m8[0;5;35;41m%[0;1;31;45m88[0;5;37;45mX[0;5;35;45m [0;5;35;41m [0;5;37;45mX[0;5;1;35;41m8[0;5;37;45mXX[0;5;35;45m [0;5;37;41m8[0;5;35;45m [0;5;37;45m8[0;5;1;35;41m8[0;5;37;45m8[0;5;1;31;45m8[0;5;37;45m8[0;5;1;35;41m@8[0;5;37;41m8[0;5;35;45m [0;1;31;47m8[0;5;35;45m [0;5;35;41m [0;5;37;45m8[0;5;1;35;41m@[0;5;37;45m8SX[0;5;1;35;41m8[0;5;1;31;45m8[0;1;31;47m8[0;5;35;45m [0;1;35;47m8[0;5;35;45m.[0;5;35;41m.[0;5;37;45m8[0;5;35;45m [0;35;47m8[0;5;35;45m [0;35;47m8[0;1;30;45m88St[0;1;30;44mX[0;32;40m.[0m
[0;32;40mt[0;5;36;40m8[0;1;30;46m8[0;5;33;42m8[0;1;30;46m8[0;1;30;47m8[0;1;30;46m8[0;1;37;47mS[0;1;33;47mS[0;1;35;47mS[0;5;37;45m88t[0;5;1;37;45m8[0;5;37;45m%88%88X@@@8888@8888888888888888[0;1;35;47mS[0;5;37;45m8[0;1;35;47mX[0;5;1;37;45m@[0;5;37;45m8888[0;5;37;47m%%[0;5;35;40m8[0;1;30;41m@[0;5;34;40m8[0;34;40m8[0;31;40mt[0m
[0;32;40m%[0;5;36;40m@[0;5;32;42m8[0;1;30;47m8[0;5;36;42mt[0;1;30;47m8[0;5;37;42m8[0;1;33;47m%[0;1;37;47m8[0;1;31;47m@[0;5;37;45m88888XXX[0;5;1;31;45mS[0;5;37;45mS[0;5;1;31;45mS[0;5;37;45m8@[0;5;1;31;45mX[0;5;37;45m8[0;5;1;31;45m8[0;5;37;45mX[0;5;1;31;45mX[0;5;37;45m88[0;5;1;31;45m@[0;5;37;45m888[0;5;1;31;45m88[0;5;37;45m8888[0;5;1;31;45m88[0;5;37;45m8888[0;5;1;37;45m8[0;5;37;45m8888[0;5;1;37;45m88[0;5;37;47m8[0;1;35;47mX[0;5;37;40m8[0;1;30;45m%[0;5;35;40m8[0;1;30;44m@[0;31;40m.[0m
[0;32;40m;[0;5;32;40m8[0;5;36;40mS[0;5;32;42mS[0;1;30;47m8[0;5;32;42m:[0;1;30;47m8[0;33;47m8[0;1;37;47m8[0;1;33;47m@[0;5;1;31;45m8[0;5;37;45m88@X@XXXX8X8888888[0;5;1;37;45mS[0;5;1;31;45m8[0;5;37;45m8@8[0;5;1;37;45m8[0;5;37;45m8[0;5;1;31;45m@[0;5;1;37;45m8[0;5;37;45m8[0;5;1;37;45m8[0;5;37;45m8888[0;5;1;37;45m@[0;5;37;45m8[0;5;1;31;45m8[0;5;1;35;47m8[0;5;37;45m88[0;5;1;37;45m8[0;5;37;45m8[0;5;37;47m8[0;5;1;37;45m8[0;1;30;47m%[0;1;30;41m8[0;30;41m8[0;5;35;40m8[0;30;44m8[0;31;40m;[0m
[0;34;40m:[0;32;40m8[0;33;42m8[0;1;32;42m8[0;5;32;42m8[0;1;32;42m8[0;5;32;42m%S[0;5;33;43m%[0;1;37;47m8[0;1;33;47m8[0;5;1;31;45m8[0;5;37;45m8[0;5;1;31;45m@[0;5;1;37;45m@[0;5;1;31;45m@[0;5;37;45m88@@@@[0;5;1;31;45mS[0;5;1;37;45m@[0;5;1;31;45m8[0;5;37;45m8[0;5;1;31;45mX[0;5;1;37;45m8[0;5;1;31;45m8[0;5;37;45m88[0;5;1;31;45m8[0;5;1;37;45m@[0;5;1;31;45m8[0;5;37;45m88[0;5;1;35;47m8[0;5;1;31;45m8[0;5;37;45m8[0;5;1;31;45m8[0;5;1;35;47m8[0;5;1;31;45m8[0;5;1;35;47m8[0;5;1;31;45m8[0;5;37;47m8[0;5;1;31;45mX[0;5;1;35;47m8[0;5;37;45m88[0;5;1;37;45m8[0;5;1;31;45m8[0;5;1;35;47m8[0;5;37;47m8[0;1;37;47m [0;5;35;40m;888[0;1;30;44m8[0;31;40m.[0m
[0;34;40m t[0;1;30;42mX[0;33;42m88[0;5;32;42m8[0;32;43m8[0;5;32;42m@[0;1;32;42m8[0;1;33;43mS[0;1;37;47m8[0;5;37;43m8[0;1;35;47mX[0;5;37;45m888[0;5;1;31;45m@[0;5;1;37;45m@[0;5;1;31;45m@[0;5;1;37;45m@[0;5;1;31;45mX[0;5;1;37;45m@[0;5;1;31;45m8[0;5;37;45m8[0;5;1;31;45m@[0;5;1;37;45m8[0;5;37;45m88[0;5;1;37;45m8[0;5;1;31;45m@[0;5;1;35;47m8[0;5;37;45m8[0;5;1;37;45m@8[0;5;1;31;45m8[0;5;1;37;45m8[0;5;37;45m8[0;5;1;37;45m8[0;5;37;45m88[0;5;1;31;45m8[0;5;37;45m8[0;5;1;31;45m8[0;5;1;37;45m8[0;5;37;45m8[0;5;1;37;45m8[0;5;1;31;45m@[0;5;1;37;45m8[0;5;1;31;45m8[0;5;1;35;47m8[0;5;1;37;45m8[0;5;37;47m8[0;5;37;45m8[0;1;30;47m8[0;33;41mS[0;1;30;41m@[0;31;40m8[0;35;44m@[0;5;34;40m8[0;31;40m [0m
[0;31;40m :[0;32;40mX[0;5;36;40mX[0;1;30;46m8[0;36;47m8[0;5;36;42m%[0;1;30;47m88[0;1;32;47m8[0;33;47m@[0;1;37;47m8[0;5;37;47m@[0;5;37;43m8[0;5;1;31;45m@[0;5;1;37;45m8[0;5;1;31;45m8[0;1;37;47m [0;5;1;37;45mS[0;5;1;31;45m@[0;5;1;37;45m8[0;5;37;45m8888[0;5;1;31;45m8[0;5;1;37;45m8[0;5;1;31;45m8[0;5;37;45m8[0;5;1;31;45m8[0;5;37;45m88[0;5;1;31;45m8[0;5;37;47m8[0;5;1;31;45m88[0;5;37;45m88[0;5;1;37;45m8[0;1;35;47m%[0;5;1;37;45m8[0;1;35;47m%[0;5;1;37;45m8[0;5;1;31;45m8[0;5;37;47m8[0;5;1;31;45m@[0;5;37;47m8[0;5;37;45m8[0;5;1;37;45m8[0;5;1;35;47m8[0;5;37;47m88[0;1;30;47m8[0;33;41m@[0;1;30;41m8[0;30;41m8[0;5;31;40mX[0;1;30;44m8[0;34;40m8[0;31;40mt[0m
[0;34;40m.@[0;1;30;44m8[0;1;30;46mS8[0;36;47m88[0;5;36;42m%[0;1;30;47m8[0;36;47m8[0;1;32;47m8[0;33;47m8[0;1;33;47mS[0;5;37;47m8[0;1;37;47m [0;1;31;47mS[0;5;1;37;45m8[0;5;1;35;41m8[0;5;1;35;47m8[0;5;37;45m8[0;5;1;35;41m8[0;5;1;35;47m8[0;5;1;35;41m8[0;5;1;35;47m8[0;5;1;31;45m8[0;5;37;47m8[0;5;1;31;45m8[0;5;1;35;47m8[0;5;1;35;41m8[0;5;1;37;45m8[0;5;1;31;45m8[0;5;37;47m8[0;5;1;31;45mX[0;5;37;45m88[0;5;1;31;45m8[0;1;35;47mX[0;5;1;31;45m8[0;5;1;35;47m8[0;5;1;31;45m8[0;5;1;35;47m8[0;5;1;35;41m8[0;5;37;47m8[0;5;37;45m8[0;5;1;31;45m@[0;5;1;35;47m8[0;5;1;31;45m@[0;5;1;35;47m8[0;5;37;47m88[0;5;37;45m8[0;1;37;47m [0;35;47m8[0;1;30;45m8[0;1;30;44m8[0;1;30;45m8[0;1;30;44mS[0;5;34;40m8[0;1;30;44m@[0;31;40m:[0m
[0;31;40m [0;32;40m.[0;31;40m [0;30;44m@[0;32;40mS@[0;5;32;40mX[0;5;36;40m%[0;5;32;42mS[0;5;33;42m8[0;1;32;46m8[0;1;32;43m8[0;1;30;43m8[0;33;47m8[0;5;37;43mX8[0;1;37;47m [0;1;35;47mS[0;5;1;35;41m8[0;5;37;47m8[0;5;37;45m8888[0;5;1;35;47m8[0;5;1;31;45m8[0;5;1;35;47m8[0;5;37;45m888[0;5;1;35;47m8[0;5;1;31;45m@[0;5;37;47m8[0;5;1;31;45mX[0;5;37;47m8[0;5;37;45m88[0;5;1;35;47m8[0;5;1;31;45m8[0;5;37;47m8[0;5;1;31;45m@[0;5;1;35;47m8[0;5;1;31;45m@[0;5;1;35;47m@[0;5;1;37;45m8[0;5;1;35;47m8[0;5;37;47m88[0;1;35;47mX[0;5;33;41m [0;1;30;43m8[0;31;45mX[0;1;30;45m8[0;30;44m8[0;5;30;40m8[0;34;40mX[0;1;30;40m8[0;1;30;44m8[0;30;44mX[0;31;40m;[0m
[0;31;40m .[0;34;40m.[0;30;44m@[0;34;40mS[0;31;40m;[0;32;40mtS[0;5;32;40m8[0;1;30;42mX[0;33;42m8[0;5;32;42mt%@[0;32;43m8[0;1;30;43m8[0;5;33;43m;[0;5;37;43m8[0;1;37;47mX[0;5;1;33;41m8[0;5;1;37;45m8[0;5;37;41m8[0;5;1;35;47m8[0;5;1;35;41m8[0;5;37;47m8[0;5;1;31;45mX[0;5;37;45m8[0;1;35;47mS[0;5;1;35;41m8[0;5;37;47m8[0;5;1;31;45m8[0;5;1;35;47m8[0;5;37;45m8[0;5;1;37;45m8[0;5;1;31;45m8[0;5;37;47m8[0;5;1;31;45m8[0;5;37;47m8[0;5;37;45m8[0;5;1;37;45m@[0;5;1;35;47m8[0;5;37;47m8[0;5;1;35;47m8[0;5;37;47m88[0;1;33;47m%X[0;5;31;41mS[0;1;30;43m%[0;1;30;41m8t[0;5;35;40m8[0;5;34;40m@[0;31;40m8[0;1;30;40m8[0;31;40m8[0;1;30;40m8[0;30;44m8[0;1;30;44m8[0;31;40m:[0m
[0;34;40m:8[0;30;44m8[0;1;30;44m88[0;34;40m8[0;30;44m88[0;1;30;44m8[0;1;30;46m%8[0;5;36;40m:[0;1;30;46m8[0;5;33;42mt[0;1;30;47m8[0;5;36;42m.[0;1;30;47m@[0;33;47m8[0;1;33;47m@[0;1;37;47m8[0;5;37;47mt888[0;5;37;45m8[0;5;37;47m8[0;5;1;37;45m8[0;5;37;45m8[0;5;1;35;47m8[0;5;1;31;45m8[0;5;37;47m8[0;5;1;31;45mX[0;5;1;35;47m8[0;5;37;45m8[0;5;1;35;47m8[0;5;37;45m8[0;5;1;35;47m8[0;5;1;37;45m8[0;5;37;47m88888[0;1;33;47mX[0;33;47m@[0;35;47m8[0;37;45m8[0;5;35;40mt[0;1;30;45m8[0;5;35;40m88[0;35;44m8[0;1;30;44m8888888[0;32;40m.[0m
[0;34;40m.[0;32;40m;;[0;30;44m8[0;32;40mt;;[0;31;40m:[0;34;40m.[0;30;44m@[0;34;40mS[0;32;40m8[0;5;33;40mX[0;5;36;40mS%[0;1;32;47m8[0;5;36;42m@[0;1;30;43m8[0;5;36;42m;[0;1;30;43m8[0;1;33;43m.[0;5;37;43m@[0;37;43mS[0;5;37;43m8888[0;5;1;33;47m8[0;1;37;47m:[0;5;37;47m888[0;1;37;47m [0;5;1;33;47m8[0;5;37;47m8[0;5;1;37;43m8[0;1;37;47mX[0;5;37;43m8[0;1;33;47mSSX[0;37;43m8[0;5;31;41m8[0;1;30;41m8[0;35;41mt[0;1;30;45m8X[0;31;40m8[0;30;41m88[0;1;30;40m@[0;5;34;40mS[0;1;30;44m%[0;30;44m8[0;1;30;40mX[0;34;40mSX[0;1;30;44m8[0;34;40m8[0;32;40m;[0m
[0;31;40m :[0;34;40m;[0;30;44m8[0;34;40mX[0;31;40m;[0;32;40m:[0;31;40m:[0;34;40m%[0;1;30;44m@[0;34;40m%%[0;32;40m;%X[0;5;34;40mX[0;1;30;42m8[0;36;42m8[0;5;32;40m8[0;1;32;42m@@[0;36;42m@[0;1;32;42m8[0;32;43m8[0;1;30;43m8[0;1;32;43m8[0;37;43m@[0;1;33;43m@88@[0;5;33;43m@[0;1;33;43m@@[0;1;30;43m8[0;1;33;43mt[0;1;30;43m%@[0;33;41m8[0;1;30;45m8[0;31;45mX[0;1;30;41m8[0;31;40m8[0;1;30;41m8[0;30;41m8[0;5;35;40m8[0;1;30;44mS[0;1;30;40m@[0;5;30;40m8[0;31;40m8[0;1;30;40m8[0;1;30;44m8@[0;34;40mX[0;31;40mS[0;1;30;40m@[0;34;40mX[0;1;30;44m8[0;34;40m8[0;32;40m;[0m
[0;34;40m:X[0;1;30;44m8[0;36;44m8[0;1;30;44m88[0;30;44m8[0;1;30;44m8[0;30;44m@[0;34;46m8[0;1;30;44mX88@[0;30;44mS[0;34;46m8[0;1;30;44mt8888[0;5;34;40mS[0;1;30;44m8[0;5;36;40mS[0;5;35;40m;t:[0;1;30;45m88[0;5;35;40m:[0;1;30;45m88[0;5;35;40mt[0;37;45m8[0;5;36;40m t[0;5;35;40m@8[0;1;30;44m8[0;1;30;45m8[0;36;44m8[0;1;30;44m888[0;36;44m8[0;1;30;44m8[0;36;44m8[0;1;30;44m8X[0;36;44mX[0;1;30;44mX8[0;36;44m88[0;1;30;44m@[0;36;44mX[0;1;30;44m8[0;36;44m8[0;5;34;40mS[0;32;40m [0m
[0;34;40m [0;32;40m:[0;31;40m.[0;30;44m8[0;32;40mS;;:[0;34;40m;[0;1;30;44m8[0;34;40m%[0;32;40mt.[0;31;40m:[0;32;40mt[0;1;30;44m8[0;34;40mX[0;32;40m;[0;31;40mSS[0;1;30;40m8[0;34;45m8[0;30;44m8[0;30;41m88[0;1;30;41mX[0;35;41mS[0;1;30;45m88[0;35;41mS[0;1;30;41mSS8[0;1;30;45mt[0;35;44mX[0;1;30;40m8[0;31;40mX[0;1;30;40m8[0;5;30;40mX[0;35;44m@[0;1;30;44mX[0;34;40m8[0;1;30;40m8[0;31;40m@[0;5;34;40m8[0;1;30;44m%S[0;34;40m8[0;1;30;40m8[0;31;40m@[0;1;30;44m@SS[0;30;44m8[0;1;30;40m8[0;34;40m@@[0;1;30;44m@[0;30;44m8[0;32;40m:[0m
[0;32;40m [0;31;40m.[0;34;40m;[0;1;30;44m@[0;34;40mX[0;32;40m;[0;31;40m;;[0;32;40m;[0;30;44m8[0;1;30;40m8[0;34;40mt[0;32;40mt[0;31;40mS[0;34;40m@[0;1;30;44m8[0;34;40m@[0;1;30;40mX[0;31;40m%[0;1;30;40m@[0;34;40mX[0;5;34;40m8[0;34;40m@[0;1;30;40m@[0;31;40m8[0;30;41m8[0;1;30;41mX[0;1;30;45mS[0;5;31;40mS[0;30;41m@[0;1;30;41m8[0;30;41m8[0;1;30;40m8[0;34;45m8[0;1;30;44m8[0;34;40m8[0;5;31;40m@[0;34;40m@[0;31;40m8[0;1;30;44m@S[0;34;40m@[0;1;30;40m88[0;31;40mX[0;1;30;44mX@[0;34;40m@8[0;1;30;40m8[0;31;40m%[0;1;30;44m@X[0;34;40m8[0;1;30;40m8[0;34;40m@[0;1;30;40m8[0;1;30;44mS[0;34;40m8[0;32;40m%[0m
