[0;34;40mt8[0;30;44m8[0;1;30;44m8[0;34;40m8[0;1;30;44m8[0;34;40m@[0;5;34;40m8[0;34;40m8[0;1;30;44m8[0;34;40m8[0;5;34;40m8[0;34;40m@[0;5;34;40m8[0;34;40m8[0;5;34;40m@[0;30;44m8[0;5;34;40m@[0;34;40m8[0;5;35;40m8[0;30;44m8[0;5;34;40m@[0;30;44m8[0;5;35;40m8[0;30;44m8[0;5;35;40m8[0;30;44m8[0;5;34;40mS[0;1;30;44m8[0;30;44m8[0;5;34;40mS[0;34;40m8[0;5;35;40m8[0;34;40m8[0;5;34;40m@[0;30;44m8[0;5;34;40mX[0;34;40m8[0;5;35;40m8[0;1;30;44m888[0;34;40m8[0;5;34;40mS[0;30;44m8[0;5;35;40m8[0;30;44m8[0;5;34;40m8[0;34;40m8[0;5;34;40mS[0;30;44m8[0;5;34;40mX[0;30;44m8[0;5;34;40m8[0;30;44m8[0;5;34;40m@[0;34;40m8[0;5;34;40m@[0;34;40mS[0;31;40m:[0m
[0;31;40m.%[0;1;30;40m8[0;1;30;44mX[0;31;40m;S88[0;1;30;41m@[0;1;30;45m%[0;1;30;41m8[0;30;41m;[0;1;30;41m;;%[0;1;30;45m;[0;31;45m8[0;1;31;41mS[0;5;35;41mX[0;5;35;45m%;t[0;1;31;45m8[0;5;35;45mt;t[0;5;37;45m%[0;5;35;45m;[0;1;35;45m.[0;5;35;41mS[0;1;31;41m8[0;35;41m@[0;1;31;41m8[0;1;30;45m8[0;1;31;45m8[0;31;45m@[0;5;31;41m@[0;1;31;45m88[0;5;35;45m:;;[0;5;35;41m%[0;1;31;45m8[0;1;31;41m8[0;1;30;45m@[0;1;35;45mt[0;1;30;45mS[0;1;31;41m%[0;35;41mS[0;1;30;41mS[0;31;45mX[0;1;30;45mS%[0;30;41m%[0;1;30;41m@8[0;31;45m8[0;5;34;40mX[0;34;40m:[0m
[0;31;40m.;[0;34;40m@[0;1;30;44m@[0;1;30;40m8[0;31;40m8[0;1;30;41m@X[0;35;41m8[0;1;35;45m:[0;5;35;45m [0;1;31;45m8[0;1;35;45mt[0;5;35;41m:[0;1;31;45m8[0;5;35;45mt[0;1;30;45m8[0;5;31;41mS[0;37;45m@[0;5;35;41m [0;5;37;45mSXXXXXSXXX[0;5;35;41m:[0;37;45m@[0;5;35;41m [0;5;37;45mS[0;5;35;45m.[0;5;35;41mS[0;5;37;45m8X88[0;1;35;47mX[0;5;37;45m88[0;5;35;45m [0;5;35;41mS[0;1;35;45m::[0;1;31;45m8[0;1;30;45m8[0;1;31;41m8[0;1;30;45m8[0;31;45mS[0;1;30;45m8S[0;1;30;41mS[0;35;41mX[0;1;30;41m8[0;1;30;45m;[0;5;34;40mS[0;31;40m.[0m
[0;34;40mX[0;5;36;40m;[0;1;30;47m@8[0;5;37;40m@8[0;1;30;45mS[0;5;35;45mt[0;5;37;45m@XX@X ;88XS:@%SSSSX@X8%@@@888888888[0;1;35;47m@[0;5;37;45m8[0;5;1;37;45m8[0;5;37;45m8[0;37;45mX[0;5;35;45m [0;37;45m8[0;5;35;41m:[0;5;37;45m8X[0;1;30;45m8[0;5;35;45mX[0;35;47m@[0;1;35;47m@[0;35;47mX[0;5;35;40m%[0;34;40mS[0m
[0;5;30;40m8[0;1;30;46m8[0;1;30;47m8[0;1;37;47m.8 [0;1;35;47m8[0;5;37;45m8[0;5;1;31;45m8[0;5;37;45m8XSX88@XX@@XX[0;5;1;31;45m88[0;5;35;41m [0;5;37;45mS[0;5;1;31;45m8@8[0;5;37;45mX[0;5;1;31;45m8[0;5;37;45m@[0;5;1;35;41m8[0;5;1;31;45m8[0;5;37;45m8[0;5;1;31;45m8[0;5;37;45m888[0;5;1;37;45m@[0;5;37;45m888888[0;5;1;31;45m8[0;5;37;41m8[0;5;35;41m:[0;5;37;45m@8888[0;1;35;47mS[0;5;37;45m88[0;5;37;47mX[0;1;30;45mX[0;34;40m%[0m
[0;5;30;40m8[0;33;47m8[0;1;37;47m .[0;33;47m@[0;1;35;47m8[0;5;37;41m8[0;5;37;45m88[0;5;1;31;45m8[0;5;37;45m8[0;5;1;31;45mX[0;5;37;45m8SSS[0;5;1;31;45mX[0;5;37;45m@XX[0;5;1;31;45m@[0;5;37;45m888X[0;5;1;35;41m8[0;5;37;45m@[0;5;1;35;41m8[0;35;47m8[0;5;35;41m [0;5;37;45m@[0;5;35;41m [0;5;37;45m8[0;5;37;41m8[0;5;37;45m88[0;5;1;31;45m8[0;5;37;45m8[0;5;1;31;45m8[0;5;37;45m88[0;5;1;31;45m8[0;5;1;35;47m8[0;5;1;31;45m8[0;5;37;45m8[0;5;1;31;45m@[0;5;37;45m88888[0;1;35;47m8[0;5;37;45m88[0;5;1;37;45m8[0;1;35;47mS[0;5;37;45m88[0;35;47m8[0;31;40mX[0m
[0;1;30;40m8[0;5;36;42mX[0;1;37;47m8[0;1;33;47m8[0;1;31;47m@[0;5;37;41m8[0;5;37;45m8[0;5;1;35;41m8[0;5;37;45m8[0;5;1;31;45m8[0;5;37;45m88[0;5;1;31;45m8@@[0;5;37;45m8@[0;5;1;31;45m888[0;5;37;45m8[0;5;1;31;45m8[0;5;1;35;41m88[0;5;37;41m8[0;5;35;45m [0;5;33;41m;[0;5;37;45m8[0;5;35;41m [0;37;45mX[0;5;35;41m [0;37;45m@[0;5;35;41m [0;5;37;45mX[0;5;35;41m [0;5;1;31;45m8[0;5;37;41m8[0;5;1;35;41m8[0;1;31;47mX[0;5;1;35;41m8[0;5;37;45m8[0;5;1;35;41m8[0;5;37;45m8888[0;5;1;35;41m8[0;5;37;45m88[0;5;1;35;41m8[0;1;35;47mX[0;5;1;35;41m8[0;5;37;47m8[0;5;1;31;45m8[0;5;37;47m8[0;5;1;31;45m8[0;5;1;35;47m8[0;5;37;45m8[0;35;47mX[0;31;40mS[0m
[0;32;40mX[0;1;30;43m8[0;33;47m8[0;1;33;47mS[0;1;37;47m%[0;1;31;47mS[0;5;37;45m88[0;5;1;35;41m8[0;5;37;47m8[0;5;1;31;45m88[0;5;37;45m8[0;5;1;31;45m@[0;5;37;45m88[0;5;1;31;45mX[0;5;37;45m88[0;5;1;35;41m@[0;5;35;41m [0;5;37;45m8@[0;5;35;41m.[0;37;45mX[0;5;31;41m:[0;37;45m@[0;5;35;41m [0;5;35;45mS[0;5;31;41m%[0;5;35;41mXtt.[0;5;37;45m8[0;5;35;41m:[0;5;37;45m8[0;5;1;35;41m8[0;5;37;45m8[0;5;1;31;45m8[0;5;37;47m8[0;5;1;31;45m8[0;5;1;37;45m8[0;5;1;35;41m8[0;5;37;47m8[0;5;1;31;45m8[0;5;37;47m8[0;5;1;31;45m@[0;5;1;35;47m8[0;5;37;45m8888[0;5;1;37;45m8[0;5;37;45m8[0;5;37;47m8[0;5;1;37;45m@[0;5;37;47m8[0;35;47m@[0;31;40m%[0m
[0;32;40mX[0;1;32;42m@[0;5;32;42m@[0;1;32;43m8[0;1;33;47m@S[0;5;37;43m8[0;5;37;45m8[0;1;31;47mS[0;5;1;31;45m8[0;5;37;45m8[0;5;1;35;41mX8[0;1;35;47m8[0;5;1;31;45m@[0;5;37;45m8[0;5;1;31;45m@8[0;5;37;45m88@[0;5;1;31;45m8[0;1;35;47m8[0;5;37;45m@[0;5;1;35;41m8[0;1;35;47m8[0;5;35;41m [0;5;37;45mX[0;35;47m8[0;5;37;45mX[0;5;35;41m;[0;35;47m@[0;5;37;45m8@[0;5;35;41m [0;1;35;47m8[0;5;37;45m8[0;1;35;47m@[0;5;37;45m8[0;5;1;31;45m8[0;5;37;45m8[0;5;1;35;41m8[0;1;37;47m [0;5;1;31;45m88[0;5;37;45m8[0;5;1;31;45m8[0;5;37;45m8[0;5;1;35;41m8[0;5;37;45m8[0;5;1;35;41m8[0;5;37;47m8[0;5;1;31;45m@[0;5;37;47m8[0;5;1;31;45m8[0;5;1;37;45m8[0;1;37;47m [0;5;1;35;47m8[0;1;30;47m8[0;31;40m%[0m
[0;32;40mS[0;1;30;42m@[0;33;42m8[0;1;30;42m8[0;32;43m8[0;1;30;43m88[0;5;1;33;41m8[0;5;37;41m8[0;5;1;31;45m8[0;1;31;47mS[0;5;37;45m88[0;5;1;31;45m8[0;5;37;45m8888[0;5;1;31;45m8[0;5;37;45m888[0;5;1;35;41m8[0;5;1;31;45m8[0;5;35;41m.[0;5;35;45m;[0;35;47m8[0;5;1;31;45m@[0;5;1;35;41m8[0;5;35;41m:[0;35;47m8[0;5;35;41m  [0;5;37;45m88[0;5;1;35;41m8[0;5;1;31;45m8[0;1;35;47m@[0;5;1;31;45m8[0;5;37;47m8[0;5;1;31;45m8[0;5;1;35;47m8[0;5;1;31;45m8[0;5;1;37;45m8[0;5;37;45m8[0;5;1;37;45m8[0;1;35;47mS[0;5;1;37;45m8[0;5;37;45m8[0;5;37;47m8[0;5;1;31;45mX[0;5;1;37;45m88[0;5;37;45m8[0;5;37;47m88[0;5;37;41m8[0;1;37;47m [0;1;30;45m8[0;31;40m;[0m
[0;32;40m%[0;1;30;42m8[0;33;42mX[0;1;32;42m8[0;1;30;43m8[0;1;33;47m8[0;1;37;47m8[0;1;33;47mX[0;1;35;47mXS[0;5;1;31;45m8[0;1;35;47mS[0;5;1;31;45m8[0;1;37;47m [0;5;1;31;45mX[0;5;37;45m8[0;5;1;31;45m8[0;5;37;47m8[0;5;1;31;45m8[0;5;1;35;41m8[0;1;35;47m@[0;5;1;35;41m8[0;5;37;41m8[0;5;37;45m8[0;5;35;41m [0;35;47m8[0;5;1;31;45m8[0;1;35;47mX[0;5;37;45m88[0;5;1;31;45m8[0;5;37;45m8@[0;5;37;41m8[0;5;37;45m8[0;1;35;47mS[0;5;37;45m8[0;5;1;35;41m8[0;1;35;47m%[0;5;1;31;45m8[0;5;37;47m8[0;5;1;35;41m8[0;5;37;47m8[0;5;1;35;41m@888[0;5;37;41m8[0;5;1;37;45m8[0;5;1;31;45m8[0;5;37;47m8[0;5;37;45m8[0;5;37;47m8[0;5;1;31;45m8[0;5;1;35;47m@[0;5;37;47m88[0;1;37;47m:[0;5;37;40m@[0;31;40m;[0m
[0;32;40mX[0;5;33;40mt[0;1;30;46m8[0;33;47m@[0;1;32;47m8[0;1;37;47m 8[0;33;47m@[0;1;35;47m8[0;5;37;41m8[0;5;1;35;47m8[0;5;1;35;41m8[0;5;1;35;47m8[0;5;1;31;45m8[0;5;1;35;47m8[0;5;1;31;45m8[0;5;37;45m8[0;5;1;35;41m8[0;5;37;45m8[0;5;1;35;41m8[0;5;37;45m88[0;5;1;31;45m8[0;1;35;47m8[0;5;37;45m8[0;5;1;31;45m8[0;1;37;47m:[0;5;1;31;45mX[0;5;37;45m888[0;5;1;35;41m@[0;5;37;45m8[0;5;1;31;45m8[0;5;37;45m888[0;5;1;35;47m8[0;5;1;31;45m8[0;5;1;35;47m8[0;5;1;31;45m8[0;5;37;45m8[0;5;1;35;41m8[0;5;37;45m8[0;5;37;47m8[0;5;1;37;45m88[0;5;37;45m8[0;5;1;37;45m88[0;5;37;45m8[0;5;1;37;45m8[0;5;1;31;45m8[0;5;37;47m8[0;5;1;37;45m8[0;5;37;47m8@[0;1;37;47mX[0;5;37;40m8[0;31;40m.[0m
[0;1;30;40mX[0;1;30;46m8[0;5;33;42m;[0;36;47m8[0;1;32;46m8[0;1;30;47mX[0;1;37;47m [0;5;37;47m:[0;1;33;47m@[0;1;35;47mX[0;5;37;41m8[0;5;1;35;47m8[0;5;1;35;41m8[0;1;35;47mS[0;5;1;35;41m8[0;1;37;47m [0;5;1;35;41m8[0;5;37;45m8[0;5;1;35;41m8[0;1;37;47m [0;5;1;31;45m8[0;5;37;45m8[0;5;37;41m8[0;5;37;45m88888[0;5;1;35;41m8[0;5;37;45m8[0;1;35;47mS[0;5;1;31;45m8[0;5;37;41m8[0;5;37;45m8[0;5;37;41m8[0;5;1;37;45m8[0;5;1;35;41m@8[0;1;35;47m@[0;5;1;35;41m8[0;5;37;47m8[0;5;1;31;45m@[0;5;37;47m8[0;5;1;31;45m88[0;5;37;45m8[0;5;1;35;41m@[0;1;35;47mS[0;5;1;35;41mX[0;1;37;47m [0;5;1;31;45m8[0;5;37;47m8[0;5;1;37;45m@8[0;5;37;47m8[0;1;37;47mX8 [0;5;37;40m@[0;34;40m:[0m
[0;32;40m:[0;5;36;40m%;[0;1;32;47m8[0;36;47m8[0;5;33;42m.[0;1;30;47mS[0;1;37;47mS[0;1;33;47mS[0;1;37;47m [0;5;37;45m8[0;5;37;41m8[0;5;1;35;47m8[0;5;1;31;45m8[0;5;37;47m8[0;5;1;31;45m@[0;5;1;37;45m8[0;1;31;47mX[0;5;1;37;45m@[0;5;1;31;45m@[0;5;37;45m8[0;5;1;31;45m8[0;5;1;35;47m8[0;5;1;31;45m8[0;5;37;47m8[0;5;1;31;45m8[0;5;1;35;47m8[0;5;1;31;45m8[0;1;37;47m [0;5;1;35;41m8[0;5;1;37;45m8[0;5;37;45m88[0;5;1;31;45m8[0;5;1;35;47m8[0;5;37;45m8[0;5;37;47m8[0;5;37;45m8[0;5;1;35;41m8[0;5;37;45m8[0;5;1;31;45m8[0;5;37;45m88[0;5;37;47m8[0;5;37;45m8[0;5;37;47m8[0;5;37;45m8[0;5;37;47m88[0;5;37;45m8[0;5;1;31;43m8[0;5;37;45m8[0;5;1;31;43m8[0;1;35;47m@[0;1;30;43m8[0;5;33;40m [0;1;30;43m8[0;1;30;46m8[0;5;33;40m@[0;32;40m;[0m
[0;34;40mt[0;1;30;46m8[0;37;46m8[0;5;36;42mS[0;1;30;47m8[0;36;47m8[0;5;37;42m8[0;1;37;47m.8[0;5;37;43m8[0;1;35;47mXXX[0;5;37;45m8[0;5;1;31;45m8[0;5;37;47m8[0;5;1;31;45m8[0;5;1;35;47m8[0;5;37;45m8[0;5;37;47m8[0;5;1;35;41m8[0;5;37;47m8[0;5;37;45m888[0;5;1;37;45m8[0;5;37;45m8[0;5;1;35;47m8[0;5;1;31;45m8[0;5;37;45m88[0;5;1;37;45m8[0;5;37;45m8[0;5;1;37;45m8[0;5;37;45m88[0;5;1;37;45m@8[0;5;1;35;47m8[0;5;37;45m8[0;5;37;47m8[0;5;1;31;45m@[0;5;1;35;47m8[0;5;1;37;45m@[0;5;1;35;47m8[0;5;37;47m888[0;1;33;47m88[0;37;43m8@[0;33;47m8[0;1;30;43m8[0;5;33;40mt[0;5;36;40m [0;1;30;46m88[0;5;36;40m8[0;34;40m [0m
[0;32;40mS[0;33;42m8[0;5;36;42m@[0;5;33;40m:[0;5;32;42m.[0;5;33;42m8[0;1;32;42m8[0;1;32;43m8[0;1;30;43m8[0;33;47m%[0;1;33;47m888[0;5;37;43mX[0;1;33;47mX8[0;1;37;47m8[0;5;37;43mS[0;1;37;47m%[0;1;33;47m@[0;1;37;47m [0;5;37;47m888[0;5;1;37;45m8[0;5;1;31;43m8[0;5;1;37;45m8[0;5;37;45m88[0;5;1;37;45m8[0;5;1;31;45m8[0;5;1;35;47m8[0;5;37;45m8[0;5;1;37;45m8[0;5;1;31;45m8[0;5;1;35;47m8[0;5;37;45m8[0;5;1;37;45m8[0;5;37;45m8[0;5;1;35;47m8[0;5;1;37;45m8[0;5;37;47m8[0;5;1;35;47m8[0;5;37;47m888[0;1;37;47m [0;5;37;47m8[0;1;37;47m [0;1;30;47m [0;33;47m8[0;5;33;40mt[0;5;36;40mt[0;5;32;40m@[0;30;41m8[0;5;30;40m8[0;30;41m8[0;5;34;40m8[0;30;44m8[0;31;40m.[0m
[0;32;40mX[0;5;36;40mS[0;5;32;42m8[0;32;43m8[0;5;32;42m8[0;1;30;42m8[0;5;32;42mX8S8[0;1;32;42m88[0;32;43m8[0;5;32;42mS[0;1;30;43m8[0;33;47m8[0;1;33;47m8[0;5;33;40m:[0;33;47m8[0;1;33;47m8S@[0;5;37;43m8@[0;5;37;47m88[0;5;37;45m8[0;5;1;35;47m8[0;5;1;31;45m8[0;5;37;47m8[0;5;1;37;45m88[0;5;37;45m8[0;5;1;35;47m8[0;5;1;31;45m8[0;5;1;37;45m8[0;5;37;45m8[0;5;37;47m8[0;5;1;37;45mX8[0;5;37;47m8[0;5;1;35;47m8[0;5;37;43m8[0;1;33;47mX8@[0;1;37;47m:[0;1;30;47m [0;33;47m8[0;1;30;43m8[0;5;33;40m8[0;5;35;40mX[0;5;34;40m@[0;31;40mS[0;1;30;40m8[0;31;40m8[0;1;30;40m88[0;1;30;44m@[0;31;40m.[0m
[0;32;40mt[0;33;42m@8[0;32;46m8[0;1;32;43m8[0;1;32;42m8[0;1;30;43m8[0;5;32;42m@[0;32;43m8[0;5;32;42m8[0;32;43m8[0;5;32;42mS@[0;33;47m8[0;5;36;42m:[0;36;47m@[0;1;30;46m8[0;1;30;47mX[0;36;47m@[0;1;30;47m8[0;1;30;43m8[0;1;32;43m8[0;1;30;43m8[0;1;33;43m;[0;5;37;43m8[0;1;33;47mX[0;5;37;43m8[0;5;37;47m888[0;5;37;45m8[0;5;1;33;47m8[0;5;1;31;45mX[0;5;37;47m8[0;5;1;31;45m@[0;5;37;45m8[0;5;1;37;45m8[0;5;37;45m8[0;5;37;47m88[0;1;33;47mX8[0;37;43m@[0;1;30;43m@[0;5;33;42mX[0;32;43m@[0;5;33;42m@[0;1;30;43m8[0;5;36;40m%X[0;5;34;40m88[0;36;44m8[0;1;30;44m888@[0;36;44mX[0;1;30;44m8[0;32;40m [0m
[0;32;40mt[0;1;30;42m@[0;33;42mX[0;5;32;42m8[0;5;32;40mS[0;5;32;42mX[0;1;32;42m8[0;1;30;42m8[0;5;32;42m@[0;5;33;40m%[0;5;32;42mt[0;5;33;40mt[0;5;33;42mS[0;1;30;46m8[0;1;30;47m8[0;1;30;46m8[0;1;30;42m8[0;5;36;40m%[0;5;32;42mS@X@[0;5;33;42mS[0;1;30;43m8[0;1;32;43m8[0;37;43m@[0;5;33;43m8[0;1;33;43mX[0;5;33;43m::[0;1;33;47m8[0;1;37;47m [0;5;37;47m88[0;5;37;43m8[0;5;1;35;41m8[0;5;37;47m88[0;1;33;47m8[0;37;43m@[0;1;33;43mX[0;1;30;43m8[0;5;32;42m.[0;5;33;42mX[0;5;32;42m8[0;5;33;42m8[0;1;30;42m8S[0;32;40m@[0;30;41m8[0;31;40m8[0;5;35;40m8[0;1;30;44m@[0;34;40mX[0;1;30;40m@[0;31;40mS[0;1;30;40m8[0;1;30;44m8[0;34;40m@[0;32;40m:[0m
[0;31;40m [0;32;40m:[0;1;30;40mX[0;5;30;40m8[0;32;40m8[0;5;30;40m8[0;32;40m@[0;1;30;40m8[0;32;40mX[0;5;34;40mX[0;32;40m8[0;1;30;42m8[0;1;30;40mX[0;32;40m@[0;1;30;40m@[0;5;34;40mX[0;1;30;40m8X[0;31;40m@[0;1;30;40m8[0;1;30;41m8[0;5;34;40mS[0;5;36;40mX[0;1;30;42m%[0;1;30;43m8[0;5;33;42m8[0;1;30;43m88[0;5;33;40m@[0;1;30;43m8X[0;1;33;43m8S[0;37;43mXX[0;1;31;43m8[0;33;47m8[0;37;43mS[0;1;30;43m8[0;1;33;43m:[0;5;36;42m:[0;5;33;42mX[0;1;30;43m8[0;5;32;42mS[0;5;33;40mS[0;5;32;40mS[0;5;36;40m%[0;5;30;40m@[0;5;31;40m8[0;31;40m@[0;5;30;40m@[0;5;34;40m88[0;1;30;40m888[0;34;40m8[0;5;34;40mX[0;30;44m@[0;31;40m;[0m
