64472
gabriel927
116808 116808 116808 116808 116808 116808 116808 116808
153581 153581 153581 153581 153581 153581 153581 153581
322979 322979
44153
136305 136305
33684 33685
39399 39399
27776 27776 27776 27776
27777
27778
121235 121237
42357 42360 42362 42363
42357 42360 42362 42363
147874 147874
133011 133011
22331
338070 338070 336155
93246 93246 93246 93246 93246
159323 159323 159323 159323 159323 159323
222682 222682 222682
140295 140295 140295
127325
169020 169020
16540 16540
326706 326706 326706 326706
79823 79823
100674
159323 159323 159323 159323 159323
257637
348525 348527 348528 348533 348538 348541 348542 348544
low-frequency low-frequency
submarine-ping submarine-ping submarine-ping
43312 43312 43312 43312 43312 43312 43312 43312
circuit-bent 
319846 319846 319846 319846
vinyl
interview interview interview interview
182473
voicemail voicemail
public-address public-address
thunder thunder thunder thunder
rain
seaside
ocean ocean
france tokyo london berlin nyc angeles china india
french-speech
spanish-speech italian-speech japanese-speech chinese-speech
german-speech russian-speech hindi-speech
335527 335527 68960 68960
london-underground
ferry ferry
broadcast shortwave scanner
boiler-room 
orchestra
347829
265169 265169
windchimes
chinese-traditional
320216
gamelan tabla daluo xiaoluo
sitar
8768 8768 8768
light-flicker
61075
213100
electricity
232911 232911
348544 348541 348538 348533 348542
348525 348526 348528 348527
laboratory
65259
350339
scifi-computer
space-synth
177409
269082
diboz
60clock
56361
197477 197477
33796
100405
100482
142923
256858
233986
72680
100408
100407
160460
219403
331051
342103 342103
3162 3162 3162 3162 3162 3162 3162 3162
101854 101853 101852 101851 101851
101848 101847 101846 101845
101843 101842
101854 101853 101852 101851 101851
