67187 67187 67187 67187 67187 67187 67187 67187
62487 62487
192284
13279 13279 13279 13279 13279 13279 13279 13279 13279 13279 13279
13279 13279 13279 13279 13279 13279 13279 13279 13279 13279 13279
50440 50440 50440 50440 50440 50440 50440 50440 50440 50440 50440 50440
50440 50440 50440 50440 50440 50440 50440 50440 50440 50440 50440 50440
260722 260722 260722 260722 260722 260722 260722 260722
260722 260722 260722 260722 260722 260722 260722 260722
222682 222682 222682 222682 222682
222682 222682 222682 222682 222682
95110 95110 95110 95110 95110 95110 95110
266786
15293
76833 76833 76833 76833 76833
76833 76833 76833 76833 76833
161173 161173 161173
148446 148446 148446 148446 148446 148446
2262 2262
45811 45811 45811 45811 45811 45811 45811 45811
140295 140295 140295 140295 140295
182473 182473 182473 182473
85002
13279
223372
343738
159323 159323 159323 159323
342369 342369 342369 342369 342369 342369
17554 17554 17554 17554
170247 170247 170247 170247 170247 170247 170247
248303 248303 248303 248303
353369 353369 353369
63233 63233 63233 63233 63233 63233 63233 63233
thunder 318921
157487 157487 157487
323066
323013
192318
199291
172323
67884 67884
