67187 67187
322991 322991
195647
39399
321647 321647
58394
202494
222682 222682
140295
16540 16540
79823 79823
159323 159323
crickets crickets 196000
195511
cicadas
forest
campfire
thunder thunder thunder thunder thunder thunder
thunder thunder thunder thunder thunder thunder
thunder thunder thunder thunder thunder thunder
17554 17554 17554 17554
rainstorm rainstorm rainstorm rainstorm
264898
321647 321647
100405 100405
104320 104320
240344 239494 239494 56581 56581
241292
243782
319565 319565
160908 160908
177478 177478
storm
79884 79884
45479
269019
214507
115249
340447
81390 81390
ferry
ocean
seashore
187115 187115 187115 187115
windchimes
sitar
124126
109277
109276
187208
127311 127311
238752
259709
17553
62967 76942 62967 76942
156414
155641
19493
147899
147599
146993
142335
58394
breaking-waves
187115 187115
48412 48412
14777 14777
67884 67884
60507 60507
