67187 67187
submarine-ping
pinging
space-sound-erh
177002
circuitbent
60464
319846 319846
space-ship-bridge
213002 213002
116808 116808 116808 116808
153581 153581 153581 153581
17719
322979
39399 39399 39399 39399
39399 39399 39399 39399
27776 27776 27776
27777
27778
136305
150286
192284 192285
121235 121237
42357 42360 42362 42363
42357 42360 42362 42363
93246
136305
147874 147874 147874
22331
323066 323066
259709 259709 259709 259709
159323 159323 159323 159323
222682 222682 222682 222682
169020 169020
16540 16540 16540 16540
326706 326706 326706
79823 79823
100674
159323 159323 159323 159323 159323
light-flicker
213100
electricity
19487 19487 19487 19487
348526 348528
laboratory laboratory
159323 159323 159323 159323
futuristic-sci-fi
43312 43312 43312 43312
65259 65259 65259
scifi-computer scifi-computer
232911 232911
space-synth
61192
177409 177409
269082
60clock
56361 56361 56361 56361 56361 56361 56361 56361
197477
33796 33796
100405 100405 100405 100405 100405 100405
100405 100405 100405 100405 100405 100405
100482 100482
133100
142923
233986
72680 72680 72680
100408 100407 219403 331051 342103 3162 108606 129060 129061
130113 13279 134808 134809 136305 140295 150286
150289 159323 192284 192318 192324 199291
222682 223372 249738 27777 318921 322979 323013
323014 323066 343738 50440 63061 85002
72544 72544 72544 72544
323047 323047 323047 323047 323047 323047 323047 323047
243728
34025
243728
322991 322991
