64472
133442 255715 237275 182308 179059 137070 194737 200412
133442 255715 237275 182308 179059 137070 194737 200412
193349 137109 205186 203738 173418 185173 172036 201837
193349 137109 205186 203738 173418 185173 172036 201837
182288 182288 182288 182288 182288
58764 58762 58761 58758 58769 58765 58760 58766
58764 58762 58761 58758 58769 58765 58760 58766
192433 211495
147874
22331
133100
241329
58765
29715
70100
54973
22343
9320
23873
29654
9317 54921 207555 70101 262257 177830 234226
30298 234044 257757 158684
321647
22331
32805
75521
131712
84973 84973 84973 84973
151241 151241
9408
